chi multiples
 N    ID    z   Narcs    chip    chix    chiy    chia   rmss     rmsi    dx      dy    nwarn
 0  12.6c 0.940   1      0.48    0.00    0.00    0.00   0.033    0.00    0.01   -0.03  1
 0  12.6b 0.940   1      0.48    0.00    0.00    0.00   0.033    0.00   -0.01    0.03  1
 0   12.6 0.940   2      0.96    0.00    0.00    0.00   0.033    0.00    N/A     N/A   2
 1  12.5c 0.940   1      0.08    0.00    0.00    0.00   0.008    0.00    0.01   -0.01  1
 1  12.5b 0.940   1      0.08    0.00    0.00    0.00   0.008    0.00   -0.01    0.01  1
 1   12.5 0.940   2      0.17    0.00    0.00    0.00   0.008    0.00    N/A     N/A   2
 2  12.4c 0.940   1      0.01    0.00    0.00    0.00   0.003    0.00   -0.00   -0.00  1
 2  12.4b 0.940   1      0.01    0.00    0.00    0.00   0.003    0.00    0.00    0.00  1
 2   12.4 0.940   2      0.01    0.00    0.00    0.00   0.003    0.00    N/A     N/A   2
 3  12.3c 0.940   1      0.08    0.00    0.00    0.00   0.008    0.00    0.00   -0.01  1
 3  12.3b 0.940   1      0.08    0.00    0.00    0.00   0.008    0.00   -0.00    0.01  1
 3   12.3 0.940   2      0.15    0.00    0.00    0.00   0.008    0.00    N/A     N/A   2
 4  12.2c 0.940   1      0.06    0.00    0.00    0.00   0.007    0.00    0.01   -0.00  1
 4  12.2b 0.940   1      0.06    0.00    0.00    0.00   0.007    0.00   -0.01    0.00  1
 4   12.2 0.940   2      0.12    0.00    0.00    0.00   0.007    0.00    N/A     N/A   2
 5  12.1c 0.940   1      0.42    0.00    0.00    0.00   0.033    0.00    0.03   -0.02  1
 5  12.1b 0.940   1      0.42    0.00    0.00    0.00   0.033    0.00   -0.03    0.02  1
 5   12.1 0.940   2      0.85    0.00    0.00    0.00   0.033    0.00    N/A     N/A   2
 6    13c 1.005   1     21.67    0.00    0.00    0.00   0.343    0.00    0.12   -0.32  1
 6    13b 1.005   1      0.22    0.00    0.00    0.00   0.035    0.00    0.03    0.02  1
 6    13a 1.005   1     21.31    0.00    0.00    0.00   0.340    0.00   -0.15    0.31  1
 6     13 1.005   3     43.20    0.00    0.00    0.00   0.279    0.00    N/A     N/A   3
 7   201c 1.147   1     25.23    0.00    0.00    0.00   0.473    0.00    0.09   -0.46  1
 7   201a 1.147   1     25.23    0.00    0.00    0.00   0.473    0.00   -0.09    0.46  1
 7    201 1.147   2     50.46    0.00    0.00    0.00   0.473    0.00    N/A     N/A   2
 8    24c 1.637   1     26.42    0.00    0.00    0.00   0.551    0.00    0.06   -0.55  1
 8    24b 1.637   1     11.52    0.00    0.00    0.00   0.364    0.00    0.02    0.36  1
 8    24a 1.637   1      3.47    0.00    0.00    0.00   0.200    0.00   -0.08    0.18  1
 8     24 1.637   3     41.41    0.00    0.00    0.00   0.398    0.00    N/A     N/A   3
 9   5.6c 1.893   1      5.01    0.00    0.00    0.00   0.145    0.00    0.13   -0.06  1
 9   5.6b 1.893   1      4.59    0.00    0.00    0.00   0.139    0.00    0.11   -0.08  1
 9   5.6a 1.893   1     18.99    0.00    0.00    0.00   0.283    0.00   -0.24    0.14  1
 9    5.6 1.893   3     28.59    0.00    0.00    0.00   0.201    0.00    N/A     N/A   3
10   5.5c 1.893   1      4.02    0.00    0.00    0.00   0.141    0.00    0.13   -0.05  1
10   5.5b 1.893   1      1.95    0.00    0.00    0.00   0.098    0.00    0.05   -0.08  1
10   5.5a 1.893   1     10.64    0.00    0.00    0.00   0.229    0.00   -0.18    0.14  1
10    5.5 1.893   3     16.60    0.00    0.00    0.00   0.165    0.00    N/A     N/A   3
11   5.4c 1.893   1      3.89    0.00    0.00    0.00   0.145    0.00    0.12   -0.07  1
11   5.4b 1.893   1      0.47    0.00    0.00    0.00   0.050    0.00    0.02   -0.05  1
11   5.4a 1.893   1      6.59    0.00    0.00    0.00   0.188    0.00   -0.15    0.12  1
11    5.4 1.893   3     10.95    0.00    0.00    0.00   0.140    0.00    N/A     N/A   3
12   5.3c 1.893   1      4.57    0.00    0.00    0.00   0.165    0.00    0.13   -0.11  1
12   5.3b 1.893   1      0.00    0.00    0.00    0.00   0.003    0.00   -0.00    0.00  1
12   5.3a 1.893   1      4.46    0.00    0.00    0.00   0.163    0.00   -0.12    0.11  1
12    5.3 1.893   3      9.03    0.00    0.00    0.00   0.134    0.00    N/A     N/A   3
13   5.2c 1.893   1      4.94    0.00    0.00    0.00   0.174    0.00    0.12   -0.12  1
13   5.2b 1.893   1      0.13    0.00    0.00    0.00   0.028    0.00    0.01    0.03  1
13   5.2a 1.893   1      4.44    0.00    0.00    0.00   0.165    0.00   -0.13    0.10  1
13    5.2 1.893   3      9.51    0.00    0.00    0.00   0.139    0.00    N/A     N/A   3
14   5.1c 1.893   1      4.47    0.00    0.00    0.00   0.177    0.00    0.05   -0.17  1
14   5.1b 1.893   1      5.08    0.00    0.00    0.00   0.189    0.00    0.17    0.07  1
14   5.1a 1.893   1      8.59    0.00    0.00    0.00   0.245    0.00   -0.23    0.10  1
14    5.1 1.893   3     18.13    0.00    0.00    0.00   0.206    0.00    N/A     N/A   3
15    36c 1.964   1     26.77    0.00    0.00    0.00   0.477    0.00   -0.14   -0.46  1
15    36b 1.964   1     40.92    0.00    0.00    0.00   0.589    0.00    0.25    0.54  1
15    36a 1.964   1      2.13    0.00    0.00    0.00   0.135    0.00   -0.11   -0.08  1
15     36 1.964   3     69.83    0.00    0.00    0.00   0.444    0.00    N/A     N/A   3
16  15.4c 1.990   1      9.40    0.00    0.00    0.00   0.317    0.00   -0.07   -0.31  1
16  15.4b 1.990   1      0.05    0.00    0.00    0.00   0.022    0.00   -0.02   -0.01  1
16  15.4a 1.990   1     10.23    0.00    0.00    0.00   0.331    0.00    0.09    0.32  1
16   15.4 1.990   3     19.67    0.00    0.00    0.00   0.265    0.00    N/A     N/A   3
17  15.2c 1.990   1      9.11    0.00    0.00    0.00   0.314    0.00   -0.05   -0.31  1
17  15.2b 1.990   1      0.55    0.00    0.00    0.00   0.077    0.00   -0.07    0.03  1
17  15.2a 1.990   1      8.32    0.00    0.00    0.00   0.300    0.00    0.12    0.28  1
17   15.2 1.990   3     17.99    0.00    0.00    0.00   0.255    0.00    N/A     N/A   3
18  15.1c 1.990   1      9.73    0.00    0.00    0.00   0.325    0.00   -0.05   -0.32  1
18  15.1b 1.990   1      0.75    0.00    0.00    0.00   0.090    0.00   -0.08    0.05  1
18  15.1a 1.990   1      8.43    0.00    0.00    0.00   0.303    0.00    0.13    0.27  1
18   15.1 1.990   3     18.90    0.00    0.00    0.00   0.262    0.00    N/A     N/A   3
19     7c 2.085   1      0.01    0.00    0.00    0.00   0.005    0.00   -0.01    0.00  1
19     7b 2.085   1      2.10    0.00    0.00    0.00   0.110    0.00    0.03    0.11  1
19     7a 2.085   1      2.10    0.00    0.00    0.00   0.110    0.00   -0.02   -0.11  1
19      7 2.085   3      4.20    0.00    0.00    0.00   0.090    0.00    N/A     N/A   3
20 202.2c 2.091   1      0.88    0.00    0.00    0.00   0.023    0.00    0.00   -0.02  1
20 202.2b 2.091   1      0.88    0.00    0.00    0.00   0.023    0.00   -0.00    0.02  1
20  202.2 2.091   2      1.76    0.00    0.00    0.00   0.023    0.00    N/A     N/A   2
21 202.1c 2.091   1      2.13    0.00    0.00    0.00   0.053    0.00    0.01   -0.05  1
21 202.1b 2.091   1      2.13    0.00    0.00    0.00   0.053    0.00   -0.01    0.05  1
21  202.1 2.091   2      4.26    0.00    0.00    0.00   0.053    0.00    N/A     N/A   2
22    10c 2.093   1      5.74    0.00    0.00    0.00   0.273    0.00    0.21    0.18  1
22    10b 2.093   1      4.31    0.00    0.00    0.00   0.236    0.00   -0.19    0.14  1
22    10a 2.093   1      8.04    0.00    0.00    0.00   0.323    0.00   -0.02   -0.32  1
22     10 2.093   3     18.09    0.00    0.00    0.00   0.279    0.00    N/A     N/A   3
23  16.2e 2.095   1      1.61    0.00    0.00    0.00   0.077    0.00    0.07    0.02  1
23  16.2d 2.095   1      1.00    0.00    0.00    0.00   0.060    0.00    0.01   -0.06  1
23  16.2c 2.095   1      1.74    0.00    0.00    0.00   0.080    0.00    0.05   -0.06  1
23  16.2b 2.095   1      3.52    0.00    0.00    0.00   0.113    0.00   -0.08    0.08  1
23  16.2a 2.095   1      1.09    0.00    0.00    0.00   0.063    0.00   -0.06    0.03  1
23   16.2 2.095   5      8.96    0.00    0.00    0.00   0.081    0.00    N/A     N/A   5
24  16.1c 2.095   1      3.04    0.00    0.00    0.00   0.108    0.00    0.08   -0.08  1
24  16.1b 2.095   1      2.39    0.00    0.00    0.00   0.096    0.00   -0.05    0.08  1
24  16.1a 2.095   1      0.26    0.00    0.00    0.00   0.031    0.00   -0.03   -0.01  1
24   16.1 2.095   3      5.69    0.00    0.00    0.00   0.085    0.00    N/A     N/A   3
25     4c 2.107   1      8.57    0.00    0.00    0.00   0.194    0.00   -0.05   -0.19  1
25     4b 2.107   1     12.28    0.00    0.00    0.00   0.232    0.00    0.22   -0.08  1
25     4a 2.107   1     22.61    0.00    0.00    0.00   0.315    0.00   -0.17    0.27  1
25      4 2.107   3     43.46    0.00    0.00    0.00   0.252    0.00    N/A     N/A   3
26    37c 2.218   1     38.53    0.00    0.00    0.00   0.590    0.00   -0.58    0.12  1
26    37b 2.218   1     42.81    0.00    0.00    0.00   0.622    0.00    0.42   -0.46  1
26    37a 2.218   1     15.56    0.00    0.00    0.00   0.375    0.00    0.16    0.34  1
26     37 2.218   3     96.90    0.00    0.00    0.00   0.540    0.00    N/A     N/A   3
27   203c 2.245   1      0.40    0.00    0.00    0.00   0.017    0.00   -0.02   -0.01  1
27   203b 2.245   1      0.40    0.00    0.00    0.00   0.017    0.00    0.02    0.01  1
27    203 2.245   2      0.81    0.00    0.00    0.00   0.017    0.00    N/A     N/A   2
28     8c 2.282   1      7.21    0.00    0.00    0.00   0.299    0.00    0.27    0.12  1
28     8b 2.282   1     10.66    0.00    0.00    0.00   0.363    0.00   -0.36    0.06  1
28     8a 2.282   1      3.21    0.00    0.00    0.00   0.199    0.00    0.09   -0.18  1
28      8 2.282   3     21.08    0.00    0.00    0.00   0.295    0.00    N/A     N/A   3
29    29c 2.298   1     16.24    0.00    0.00    0.00   0.385    0.00    0.32   -0.22  1
29    29b 2.298   1     15.54    0.00    0.00    0.00   0.377    0.00   -0.38    0.02  1
29    29a 2.298   1      4.66    0.00    0.00    0.00   0.206    0.00    0.06    0.20  1
29     29 2.298   3     36.44    0.00    0.00    0.00   0.333    0.00    N/A     N/A   3
30    23b 2.542   1     22.54    0.00    0.00    0.00   0.409    0.00    0.13    0.39  1
30    23a 2.542   1     22.54    0.00    0.00    0.00   0.409    0.00   -0.13   -0.39  1
30     23 2.542   2     45.08    0.00    0.00    0.00   0.409    0.00    N/A     N/A   2
31   107c 2.921   1     11.98    0.00    0.00    0.00   0.285    0.00    0.10    0.27  1
31   107b 2.921   1     37.62    0.00    0.00    0.00   0.505    0.00    0.08   -0.50  1
31   107a 2.921   1     12.36    0.00    0.00    0.00   0.290    0.00   -0.18    0.23  1
31    107 2.921   3     61.96    0.00    0.00    0.00   0.374    0.00    N/A     N/A   3
32   109b 2.989   1     10.66    0.00    0.00    0.00   0.368    0.00   -0.28   -0.24  1
32   109a 2.989   1     10.66    0.00    0.00    0.00   0.368    0.00    0.28    0.24  1
32    109 2.989   2     21.33    0.00    0.00    0.00   0.368    0.00    N/A     N/A   2
33    26c 3.081   1      5.22    0.00    0.00    0.00   0.250    0.00    0.16   -0.19  1
33    26b 3.081   1      6.64    0.00    0.00    0.00   0.282    0.00    0.05    0.28  1
33    26a 3.081   1      4.35    0.00    0.00    0.00   0.228    0.00   -0.21   -0.09  1
33     26 3.081   3     16.22    0.00    0.00    0.00   0.255    0.00    N/A     N/A   3
34    25c 3.111   1      9.49    0.00    0.00    0.00   0.331    0.00    0.20   -0.26  1
34    25b 3.111   1     19.38    0.00    0.00    0.00   0.474    0.00   -0.02    0.47  1
34    25a 3.111   1      6.53    0.00    0.00    0.00   0.275    0.00   -0.18   -0.21  1
34     25 3.111   3     35.40    0.00    0.00    0.00   0.370    0.00    N/A     N/A   3
35  14.2c 3.221   1      0.70    0.00    0.00    0.00   0.029    0.00    0.03    0.01  1
35  14.2b 3.221   1      0.73    0.00    0.00    0.00   0.029    0.00   -0.03   -0.01  1
35  14.2a 3.221   1      0.04    0.00    0.00    0.00   0.007    0.00    0.00   -0.01  1
35   14.2 3.221   3      1.46    0.00    0.00    0.00   0.024    0.00    N/A     N/A   3
36  14.1f 3.221   1      8.71    0.00    0.00    0.00   0.197    0.00   -0.03    0.19  1
36  14.1e 3.221   1      9.05    0.00    0.00    0.00   0.200    0.00    0.18   -0.08  1
36  14.1d 3.221   1      0.99    0.00    0.00    0.00   0.066    0.00    0.06    0.03  1
36  14.1c 3.221   1      1.17    0.00    0.00    0.00   0.072    0.00   -0.05   -0.05  1
36  14.1b 3.221   1      2.55    0.00    0.00    0.00   0.106    0.00   -0.09   -0.05  1
36  14.1a 3.221   1      1.48    0.00    0.00    0.00   0.081    0.00   -0.07   -0.04  1
36   14.1 3.221   6     23.95    0.00    0.00    0.00   0.133    0.00    N/A     N/A   6
37  20.7c 3.222   1      4.24    0.00    0.00    0.00   0.201    0.00    0.00    0.20  1
37  20.7b 3.222   1     16.40    0.00    0.00    0.00   0.395    0.00   -0.22   -0.33  1
37  20.7a 3.222   1      6.59    0.00    0.00    0.00   0.251    0.00    0.21    0.13  1
37   20.7 3.222   3     27.23    0.00    0.00    0.00   0.294    0.00    N/A     N/A   3
38  20.6c 3.222   1      4.70    0.00    0.00    0.00   0.214    0.00    0.03    0.21  1
38  20.6b 3.222   1     19.14    0.00    0.00    0.00   0.431    0.00   -0.24   -0.35  1
38  20.6a 3.222   1      6.82    0.00    0.00    0.00   0.257    0.00    0.21    0.14  1
38   20.6 3.222   3     30.67    0.00    0.00    0.00   0.315    0.00    N/A     N/A   3
39  20.5c 3.222   1      5.90    0.00    0.00    0.00   0.241    0.00    0.05    0.24  1
39  20.5b 3.222   1     19.61    0.00    0.00    0.00   0.440    0.00   -0.26   -0.36  1
39  20.5a 3.222   1      5.72    0.00    0.00    0.00   0.238    0.00    0.20    0.12  1
39   20.5 3.222   3     31.23    0.00    0.00    0.00   0.320    0.00    N/A     N/A   3
40  20.4c 3.222   1      0.87    0.00    0.00    0.00   0.094    0.00   -0.08    0.05  1
40  20.4a 3.222   1      0.87    0.00    0.00    0.00   0.094    0.00    0.08   -0.05  1
40   20.4 3.222   2      1.74    0.00    0.00    0.00   0.094    0.00    N/A     N/A   2
41  20.3c 3.222   1      0.98    0.00    0.00    0.00   0.100    0.00   -0.08    0.06  1
41  20.3a 3.222   1      0.98    0.00    0.00    0.00   0.100    0.00    0.08   -0.06  1
41   20.3 3.222   2      1.95    0.00    0.00    0.00   0.100    0.00    N/A     N/A   2
42  20.1c 3.222   1      5.45    0.00    0.00    0.00   0.235    0.00    0.09    0.22  1
42  20.1b 3.222   1     17.86    0.00    0.00    0.00   0.425    0.00   -0.33   -0.27  1
42  20.1a 3.222   1      5.87    0.00    0.00    0.00   0.243    0.00    0.24    0.05  1
42   20.1 3.222   3     29.18    0.00    0.00    0.00   0.313    0.00    N/A     N/A   3
43     1c 3.238   1      0.11    0.00    0.00    0.00   0.007    0.00   -0.01    0.00  1
43     1b 3.238   1      4.36    0.00    0.00    0.00   0.045    0.00   -0.03    0.04  1
43     1a 3.238   1      5.48    0.00    0.00    0.00   0.050    0.00    0.03   -0.04  1
43      1 3.238   3      9.95    0.00    0.00    0.00   0.039    0.00    N/A     N/A   3
44    28c 3.253   1     17.27    0.00    0.00    0.00   0.376    0.00    0.28   -0.25  1
44    28b 3.253   1     11.17    0.00    0.00    0.00   0.303    0.00   -0.29    0.10  1
44    28a 3.253   1      2.89    0.00    0.00    0.00   0.154    0.00    0.01    0.15  1
44     28 3.253   3     31.33    0.00    0.00    0.00   0.293    0.00    N/A     N/A   3
45     3c 3.290   1     17.45    0.00    0.00    0.00   0.343    0.00   -0.12   -0.32  1
45     3b 3.290   1     23.77    0.00    0.00    0.00   0.400    0.00    0.19    0.35  1
45     3a 3.290   1      0.93    0.00    0.00    0.00   0.079    0.00   -0.07   -0.03  1
45      3 3.290   3     42.14    0.00    0.00    0.00   0.308    0.00    N/A     N/A   3
46   204c 3.291   1      8.25    0.00    0.00    0.00   0.322    0.00    0.05    0.32  1
46   204b 3.291   1     56.88    0.00    0.00    0.00   0.844    0.00   -0.03   -0.84  1
46   204a 3.291   1     22.22    0.00    0.00    0.00   0.528    0.00   -0.03    0.53  1
46    204 3.291   3     87.35    0.00    0.00    0.00   0.604    0.00    N/A     N/A   3
47    11c 3.292   1      4.06    0.00    0.00    0.00   0.205    0.00    0.20    0.01  1
47    11b 3.292   1     12.26    0.00    0.00    0.00   0.355    0.00   -0.17   -0.31  1
47    11a 3.292   1      8.75    0.00    0.00    0.00   0.300    0.00   -0.03    0.30  1
47     11 3.292   3     25.07    0.00    0.00    0.00   0.293    0.00    N/A     N/A   3
48   9.3b 3.292   1      9.60    0.00    0.00    0.00   0.363    0.00    0.11    0.35  1
48   9.3a 3.292   1      9.60    0.00    0.00    0.00   0.363    0.00   -0.11   -0.35  1
48    9.3 3.292   2     19.19    0.00    0.00    0.00   0.363    0.00    N/A     N/A   2
49   9.2b 3.292   1      9.00    0.00    0.00    0.00   0.347    0.00    0.05    0.34  1
49   9.2a 3.292   1      9.00    0.00    0.00    0.00   0.347    0.00   -0.05   -0.34  1
49    9.2 3.292   2     18.00    0.00    0.00    0.00   0.347    0.00    N/A     N/A   2
50   9.1b 3.292   1      6.49    0.00    0.00    0.00   0.288    0.00   -0.02    0.29  1
50   9.1a 3.292   1      6.49    0.00    0.00    0.00   0.288    0.00    0.02   -0.29  1
50    9.1 3.292   2     12.98    0.00    0.00    0.00   0.288    0.00    N/A     N/A   2
51    30c 3.440   1     37.63    0.00    0.00    0.00   0.566    0.00   -0.03    0.57  1
51    30b 3.440   1     88.00    0.00    0.00    0.00   0.866    0.00    0.04   -0.86  1
51    30a 3.440   1     10.55    0.00    0.00    0.00   0.300    0.00   -0.01    0.30  1
51     30 3.440   3    136.18    0.00    0.00    0.00   0.622    0.00    N/A     N/A   3
52    27c 3.492   1     10.90    0.00    0.00    0.00   0.361    0.00    0.31   -0.19  1
52    27b 3.492   1     12.73    0.00    0.00    0.00   0.390    0.00   -0.38   -0.06  1
52    27a 3.492   1      5.88    0.00    0.00    0.00   0.265    0.00    0.08    0.25  1
52     27 3.492   3     29.51    0.00    0.00    0.00   0.342    0.00    N/A     N/A   3
53     6c 3.607   1      0.68    0.00    0.00    0.00   0.085    0.00   -0.08    0.02  1
53     6b 3.607   1      8.12    0.00    0.00    0.00   0.292    0.00    0.29    0.05  1
53     6a 3.607   1      4.55    0.00    0.00    0.00   0.219    0.00   -0.21   -0.07  1
53      6 3.607   3     13.35    0.00    0.00    0.00   0.216    0.00    N/A     N/A   3
54   205c 3.715   1      7.58    0.00    0.00    0.00   0.298    0.00    0.02    0.30  1
54   205b 3.715   1     42.62    0.00    0.00    0.00   0.706    0.00    0.22   -0.67  1
54   205a 3.715   1     16.87    0.00    0.00    0.00   0.444    0.00   -0.24    0.37  1
54    205 3.715   3     67.07    0.00    0.00    0.00   0.511    0.00    N/A     N/A   3
55    18b 3.871   1      1.31    0.00    0.00    0.00   0.133    0.00   -0.13   -0.03  1
55    18a 3.871   1      1.31    0.00    0.00    0.00   0.133    0.00    0.13    0.03  1
55     18 3.871   2      2.63    0.00    0.00    0.00   0.133    0.00    N/A     N/A   2
56    34c 3.923   1      0.42    0.00    0.00    0.00   0.061    0.00    0.05    0.04  1
56    34b 3.923   1      0.42    0.00    0.00    0.00   0.061    0.00   -0.05   -0.04  1
56     34 3.923   2      0.83    0.00    0.00    0.00   0.061    0.00    N/A     N/A   2
57    17c 3.966   1     10.99    0.00    0.00    0.00   0.369    0.00   -0.36    0.08  1
57    17b 3.966   1      3.78    0.00    0.00    0.00   0.216    0.00    0.20   -0.08  1
57    17a 3.966   1      2.08    0.00    0.00    0.00   0.161    0.00    0.16    0.00  1
57     17 3.966   3     16.85    0.00    0.00    0.00   0.264    0.00    N/A     N/A   3
58   104b 4.070   1     17.31    0.00    0.00    0.00   0.466    0.00   -0.13   -0.45  1
58   104a 4.070   1     17.31    0.00    0.00    0.00   0.466    0.00    0.13    0.45  1
58    104 4.070   2     34.61    0.00    0.00    0.00   0.466    0.00    N/A     N/A   2
59   105c 4.071   1      0.64    0.00    0.00    0.00   0.080    0.00   -0.02    0.08  1
59   105b 4.071   1      4.09    0.00    0.00    0.00   0.202    0.00   -0.07   -0.19  1
59   105a 4.071   1      2.10    0.00    0.00    0.00   0.145    0.00    0.09    0.11  1
59    105 4.071   3      6.83    0.00    0.00    0.00   0.151    0.00    N/A     N/A   3
60  19.3c 4.103   1     16.38    0.00    0.00    0.00   0.458    0.00   -0.14    0.43  1
60  19.3b 4.103   1      7.65    0.00    0.00    0.00   0.313    0.00   -0.10   -0.30  1
60  19.3a 4.103   1      5.92    0.00    0.00    0.00   0.275    0.00    0.24   -0.14  1
60   19.3 4.103   3     29.95    0.00    0.00    0.00   0.357    0.00    N/A     N/A   3
61  19.2c 4.103   1     12.78    0.00    0.00    0.00   0.372    0.00   -0.24    0.29  1
61  19.2a 4.103   1     12.78    0.00    0.00    0.00   0.372    0.00    0.24   -0.29  1
61   19.2 4.103   2     25.57    0.00    0.00    0.00   0.372    0.00    N/A     N/A   2
62  19.1c 4.103   1     16.47    0.00    0.00    0.00   0.458    0.00   -0.15    0.43  1
62  19.1b 4.103   1      7.83    0.00    0.00    0.00   0.316    0.00   -0.13   -0.29  1
62  19.1a 4.103   1      7.82    0.00    0.00    0.00   0.316    0.00    0.28   -0.14  1
62   19.1 4.103   3     32.13    0.00    0.00    0.00   0.369    0.00    N/A     N/A   3
63   103c 4.115   1      0.73    0.00    0.00    0.00   0.088    0.00    0.06   -0.06  1
63   103b 4.115   1     14.64    0.00    0.00    0.00   0.396    0.00    0.06    0.39  1
63   103a 4.115   1     11.63    0.00    0.00    0.00   0.353    0.00   -0.12   -0.33  1
63    103 4.115   3     27.00    0.00    0.00    0.00   0.310    0.00    N/A     N/A   3
64   106c 4.116   1     15.98    0.00    0.00    0.00   0.338    0.00   -0.14    0.31  1
64   106b 4.116   1     45.95    0.00    0.00    0.00   0.574    0.00    0.36   -0.45  1
64   106a 4.116   1      9.47    0.00    0.00    0.00   0.260    0.00   -0.22    0.14  1
64    106 4.116   3     71.40    0.00    0.00    0.00   0.413    0.00    N/A     N/A   3
65    31c 4.122   1      4.86    0.00    0.00    0.00   0.247    0.00    0.08    0.23  1
65    31b 4.122   1     52.26    0.00    0.00    0.00   0.809    0.00   -0.04   -0.81  1
65    31a 4.122   1     26.35    0.00    0.00    0.00   0.575    0.00   -0.04    0.57  1
65     31 4.122   3     83.47    0.00    0.00    0.00   0.591    0.00    N/A     N/A   3
66   110b 4.298   1     10.00    0.00    0.00    0.00   0.238    0.00    0.20    0.13  1
66   110a 4.298   1     10.00    0.00    0.00    0.00   0.238    0.00   -0.20   -0.13  1
66    110 4.298   2     20.00    0.00    0.00    0.00   0.238    0.00    N/A     N/A   2
67   101c 4.299   1     20.58    0.00    0.00    0.00   0.431    0.00    0.43   -0.03  1
67   101b 4.299   1      8.54    0.00    0.00    0.00   0.278    0.00   -0.27   -0.06  1
67   101a 4.299   1      3.54    0.00    0.00    0.00   0.179    0.00   -0.16    0.08  1
67    101 4.299   3     32.66    0.00    0.00    0.00   0.314    0.00    N/A     N/A   3
68   207c 4.502   1      4.72    0.00    0.00    0.00   0.247    0.00   -0.07    0.24  1
68   207b 4.502   1      8.00    0.00    0.00    0.00   0.322    0.00   -0.09   -0.31  1
68   207a 4.502   1      2.31    0.00    0.00    0.00   0.173    0.00    0.16    0.07  1
68    207 4.502   3     15.03    0.00    0.00    0.00   0.255    0.00    N/A     N/A   3
69   208c 4.530   1     15.32    0.00    0.00    0.00   0.346    0.00    0.34   -0.08  1
69   208b 4.530   1     15.32    0.00    0.00    0.00   0.346    0.00   -0.34    0.08  1
69    208 4.530   2     30.65    0.00    0.00    0.00   0.346    0.00    N/A     N/A   2
70   108c 4.607   1      3.22    0.00    0.00    0.00   0.202    0.00   -0.11    0.17  1
70   108b 4.607   1      2.31    0.00    0.00    0.00   0.171    0.00    0.09   -0.15  1
70   108a 4.607   1      0.08    0.00    0.00    0.00   0.032    0.00    0.02   -0.02  1
70    108 4.607   3      5.62    0.00    0.00    0.00   0.154    0.00    N/A     N/A   3
71   209c 5.100   1      8.02    0.00    0.00    0.00   0.233    0.00   -0.21   -0.09  1
71   209b 5.100   1     13.05    0.00    0.00    0.00   0.298    0.00    0.30   -0.04  1
71   209a 5.100   1      3.48    0.00    0.00    0.00   0.154    0.00   -0.08    0.13  1
71    209 5.100   3     24.55    0.00    0.00    0.00   0.236    0.00    N/A     N/A   3
72  21.3c 5.106   1      5.18    0.00    0.00    0.00   0.120    0.00   -0.04    0.11  1
72  21.3b 5.106   1      5.18    0.00    0.00    0.00   0.120    0.00    0.04   -0.11  1
72   21.3 5.106   2     10.37    0.00    0.00    0.00   0.120    0.00    N/A     N/A   2
73  21.2c 5.106   1      3.99    0.00    0.00    0.00   0.098    0.00   -0.03    0.09  1
73  21.2b 5.106   1      3.99    0.00    0.00    0.00   0.098    0.00    0.03   -0.09  1
73   21.2 5.106   2      7.98    0.00    0.00    0.00   0.098    0.00    N/A     N/A   2
74  21.1c 5.106   1      5.04    0.00    0.00    0.00   0.118    0.00   -0.04    0.11  1
74  21.1b 5.106   1      5.04    0.00    0.00    0.00   0.118    0.00    0.04   -0.11  1
74   21.1 5.106   2     10.09    0.00    0.00    0.00   0.118    0.00    N/A     N/A   2
75    32c 5.365   1      2.54    0.00    0.00    0.00   0.171    0.00   -0.16    0.07  1
75    32b 5.365   1     11.09    0.00    0.00    0.00   0.357    0.00    0.30   -0.19  1
75    32a 5.365   1      3.12    0.00    0.00    0.00   0.190    0.00   -0.15    0.12  1
75     32 5.365   3     16.75    0.00    0.00    0.00   0.254    0.00    N/A     N/A   3
76    35c 5.638   1     16.68    0.00    0.00    0.00   0.439    0.00   -0.25   -0.36  1
76    35b 5.638   1     61.34    0.00    0.00    0.00   0.841    0.00    0.56    0.63  1
76    35a 5.638   1     14.59    0.00    0.00    0.00   0.410    0.00   -0.31   -0.27  1
76     35 5.638   3     92.61    0.00    0.00    0.00   0.597    0.00    N/A     N/A   3
77    33b 5.973   1      2.57    0.00    0.00    0.00   0.097    0.00   -0.05   -0.08  1
77    33a 5.973   1      2.57    0.00    0.00    0.00   0.097    0.00    0.05    0.08  1
77     33 5.973   2      5.15    0.00    0.00    0.00   0.097    0.00    N/A     N/A   2
78   113b 5.995   1      5.09    0.00    0.00    0.00   0.267    0.00    0.14   -0.23  1
78   113a 5.995   1      5.09    0.00    0.00    0.00   0.267    0.00   -0.14    0.23  1
78    113 5.995   2     10.17    0.00    0.00    0.00   0.267    0.00    N/A     N/A   2
79   102c 6.064   1      7.66    0.00    0.00    0.00   0.288    0.00    0.27   -0.10  1
79   102b 6.064   1      7.46    0.00    0.00    0.00   0.284    0.00   -0.22    0.18  1
79   102a 6.064   1      0.86    0.00    0.00    0.00   0.096    0.00   -0.05   -0.08  1
79    102 6.064   3     15.98    0.00    0.00    0.00   0.240    0.00    N/A     N/A   3
80   2.2c 6.145   1      4.78    0.00    0.00    0.00   0.144    0.00   -0.14    0.04  1
80   2.2b 6.145   1      0.12    0.00    0.00    0.00   0.023    0.00   -0.02    0.01  1
80   2.2a 6.145   1      6.39    0.00    0.00    0.00   0.166    0.00    0.16   -0.05  1
80    2.2 6.145   3     11.29    0.00    0.00    0.00   0.128    0.00    N/A     N/A   3
81   2.1c 6.145   1      3.66    0.00    0.00    0.00   0.128    0.00   -0.12    0.03  1
81   2.1b 6.145   1      0.52    0.00    0.00    0.00   0.048    0.00   -0.04    0.03  1
81   2.1a 6.145   1      6.78    0.00    0.00    0.00   0.174    0.00    0.16   -0.06  1
81    2.1 6.145   3     10.97    0.00    0.00    0.00   0.128    0.00    N/A     N/A   3
82   112c 6.145   1      0.24    0.00    0.00    0.00   0.047    0.00    0.04    0.02  1
82   112b 6.145   1     11.02    0.00    0.00    0.00   0.321    0.00   -0.01    0.32  1
82   112a 6.145   1     12.80    0.00    0.00    0.00   0.346    0.00   -0.03   -0.34  1
82    112 6.145   3     24.06    0.00    0.00    0.00   0.273    0.00    N/A     N/A   3
83 210.4c 6.149   1      4.98    0.00    0.00    0.00   0.120    0.00   -0.10   -0.06  1
83 210.4b 6.149   1      4.98    0.00    0.00    0.00   0.120    0.00    0.10    0.06  1
83  210.4 6.149   2      9.96    0.00    0.00    0.00   0.120    0.00    N/A     N/A   2
84 210.3c 6.149   1      4.45    0.00    0.00    0.00   0.132    0.00   -0.13    0.03  1
84 210.3b 6.149   1      4.63    0.00    0.00    0.00   0.135    0.00   -0.12    0.06  1
84 210.3a 6.149   1     17.79    0.00    0.00    0.00   0.264    0.00    0.25   -0.09  1
84  210.3 6.149   3     26.87    0.00    0.00    0.00   0.187    0.00    N/A     N/A   3
85 210.2c 6.149   1      0.37    0.00    0.00    0.00   0.033    0.00   -0.02   -0.02  1
85 210.2b 6.149   1      0.37    0.00    0.00    0.00   0.033    0.00    0.02    0.02  1
85  210.2 6.149   2      0.74    0.00    0.00    0.00   0.033    0.00    N/A     N/A   2
86 210.1b 6.149   1      4.11    0.00    0.00    0.00   0.097    0.00   -0.09   -0.02  1
86 210.1a 6.149   1      4.11    0.00    0.00    0.00   0.097    0.00    0.09    0.02  1
86  210.1 6.149   2      8.22    0.00    0.00    0.00   0.097    0.00    N/A     N/A   2
87   211c 6.629   1     12.53    0.00    0.00    0.00   0.059    0.00    0.03    0.05  1
87   211b 6.629   1     12.53    0.00    0.00    0.00   0.059    0.00   -0.03   -0.05  1
87    211 6.629   2     25.06    0.00    0.00    0.00   0.059    0.00    N/A     N/A   2
chimul                2163.75    0.00    0.00    0.00   0.283    0.00    N/A     N/A   237
log(Likelihood)       -312.49

chitot           2163.75
log(Likelihood)    -312.49
