#REFERENCE 3 64.0381417 -24.0674722
81    0.13   -0.05  40.76  13.59 -35.756    0.80  72.556 10680.139  650.0 0.396   0.00 O1 0  758.5
81   20.30  -35.83  30.86  14.42 -55.380    0.64  76.982 10680.139  805.1 0.396   0.00 O2 1  939.1
81  -40.00   15.00  13.59  13.59   0.000    0.00  72.556 10680.139  650.0 0.396   0.00 O3 2  758.5
81   28.77  -39.45  46.51  10.67 134.202    0.90  56.984 10680.139  476.8 0.396   0.00 O4 3  557.2
81   31.96  -65.55  33.63  33.63   0.000    0.00   0.001 179.598  235.2 0.396   0.00 O5 4  349.2
81   13.34    2.62  33.63  33.63   0.000    0.00   0.001 179.598  180.2 0.396   0.00 O6 5  267.6
81  -18.14  -12.13 167.99 149.21 -156.757    0.12 796.768 800.072  433.0 0.396   0.00 7 6  255.9
81   30.79  -48.67  54.19  34.77 -71.501    0.42 185.692 885.228  249.0 0.396   0.00 8 7  245.0
81   -2.37   -1.26  13.03   8.28 -54.744    0.42  44.225 200.759  101.7 0.396   0.00 9 8   99.3
81  -20.13   14.74  79.06  51.67 -49.324    0.40 275.948 279.485  281.8 0.396   0.00 10 9  167.3
81    0.00    0.00   1.00   1.00   0.000    0.00   0.001   5.340  248.0 0.396  17.02 2526 10  302.3
81    0.00    0.00   0.88   0.88   0.000    0.00   0.000   4.714  233.0 0.396  17.24 3158 11  281.1
81    0.00    0.00   0.60   0.60   0.000    0.00   0.000   3.184  191.5 0.396  17.95 4112 12  222.9
81    0.00    0.00   0.58   0.58   0.000    0.00   0.000   3.113  189.3 0.396  17.99 1297 13  220.0
81    0.00    0.00   0.55   0.55   0.000    0.00   0.000   2.941  184.0 0.396  18.10 3050 14  212.7
81    0.00    0.00   0.55   0.55   0.000    0.00   0.000   2.919  183.4 0.396  18.11 4470 15  211.8
81    0.00    0.00   0.54   0.54   0.000    0.00   0.000   2.878  182.1 0.396  18.14 8514 16  210.0
81    0.00    0.00   0.53   0.53   0.000    0.00   0.000   2.817  180.1 0.396  18.17 2377 17  207.4
81    0.00    0.00   0.48   0.48   0.000    0.00   0.000   2.575  172.2 0.396  18.34 2025 18  196.7
81    0.00    0.00   0.41   0.41   0.000    0.00   0.000   2.174  158.2 0.396  18.64 8607 19  178.2
81    0.00    0.00   0.40   0.40   0.000    0.00   0.000   2.133  156.7 0.396  18.68 4341 20  176.2
81    0.00    0.00   0.39   0.39   0.000    0.00   0.000   2.079  154.7 0.396  18.72 8795 21  173.6
81    0.00    0.00   0.38   0.38   0.000    0.00   0.000   2.021  152.6 0.396  18.77 7221 22  170.8
81    0.00    0.00   0.38   0.38   0.000    0.00   0.000   2.017  152.4 0.396  18.78 4677 23  170.6
81    0.00    0.00   0.38   0.38   0.000    0.00   0.000   2.007  152.0 0.396  18.79 8254 24  170.1
81    0.00    0.00   0.36   0.36   0.000    0.00   0.000   1.943  149.6 0.396  18.85 7203 25  167.0
81    0.00    0.00   0.36   0.36   0.000    0.00   0.000   1.933  149.2 0.396  18.86 4583 26  166.5
81    0.00    0.00   0.36   0.36   0.000    0.00   0.000   1.919  148.7 0.396  18.87 4381 27  165.8
81    0.00    0.00   0.35   0.35   0.000    0.00   0.000   1.895  147.7 0.396  18.89 1966 28  164.6
81    0.00    0.00   0.35   0.35   0.000    0.00   0.000   1.874  146.9 0.396  18.91 6586 29  163.5
81    0.00    0.00   0.34   0.34   0.000    0.00   0.000   1.838  145.5 0.396  18.95 8515 30  161.7
81    0.00    0.00   0.34   0.34   0.000    0.00   0.000   1.833  145.3 0.396  18.95 8789 31  161.4
81    0.00    0.00   0.33   0.33   0.000    0.00   0.000   1.755  142.2 0.396  19.03 8925 32  157.4
81    0.00    0.00   0.32   0.32   0.000    0.00   0.000   1.735  141.4 0.396  19.05 7918 33  156.4
81    0.00    0.00   0.31   0.31   0.000    0.00   0.000   1.681  139.1 0.396  19.11 3654 34  153.6
81    0.00    0.00   0.30   0.30   0.000    0.00   0.000   1.616  136.4 0.396  19.18 99992 35  150.1
81    0.00    0.00   0.30   0.30   0.000    0.00   0.000   1.603  135.9 0.396  19.19 7034 36  149.5
81    0.00    0.00   0.28   0.28   0.000    0.00   0.000   1.522  132.4 0.396  19.29 7686 37  145.1
81    0.00    0.00   0.27   0.27   0.000    0.00   0.000   1.465  129.9 0.396  19.36 3558 38  142.0
81    0.00    0.00   0.25   0.25   0.000    0.00   0.000   1.358  125.1 0.396  19.49 4375 39  136.1
81    0.00    0.00   0.25   0.25   0.000    0.00   0.000   1.352  124.8 0.396  19.50 8869 40  135.7
81    0.00    0.00   0.25   0.25   0.000    0.00   0.000   1.332  123.9 0.396  19.53 1988 41  134.6
81    0.00    0.00   0.25   0.25   0.000    0.00   0.000   1.321  123.3 0.396  19.54 8757 42  133.9
81    0.00    0.00   0.24   0.24   0.000    0.00   0.000   1.304  122.5 0.396  19.57 4685 43  132.9
81    0.00    0.00   0.24   0.24   0.000    0.00   0.000   1.288  121.8 0.396  19.59 1 44  132.1
81    0.00    0.00   0.24   0.24   0.000    0.00   0.000   1.281  121.5 0.396  19.60 6179 45  131.6
81    0.00    0.00   0.24   0.24   0.000    0.00   0.000   1.262  120.6 0.396  19.63 8893 46  130.6
81    0.00    0.00   0.24   0.24   0.000    0.00   0.000   1.255  120.2 0.396  19.64 4551 47  130.2
81    0.00    0.00   0.23   0.23   0.000    0.00   0.000   1.242  119.6 0.396  19.66 7959 48  129.4
81    0.00    0.00   0.23   0.23   0.000    0.00   0.000   1.216  118.4 0.396  19.69 7360 49  127.9
81    0.00    0.00   0.23   0.23   0.000    0.00   0.000   1.214  118.2 0.396  19.70 4026 50  127.7
81    0.00    0.00   0.22   0.22   0.000    0.00   0.000   1.194  117.3 0.396  19.73 3 51  126.6
81    0.00    0.00   0.22   0.22   0.000    0.00   0.000   1.180  116.6 0.396  19.75 9087 52  125.7
81    0.00    0.00   0.22   0.22   0.000    0.00   0.000   1.178  116.5 0.396  19.75 3364 53  125.6
81    0.00    0.00   0.22   0.22   0.000    0.00   0.000   1.173  116.2 0.396  19.76 9305 54  125.3
81    0.00    0.00   0.22   0.22   0.000    0.00   0.000   1.156  115.4 0.396  19.79 4103 55  124.3
81    0.00    0.00   0.21   0.21   0.000    0.00   0.000   1.145  114.8 0.396  19.80 2672 56  123.6
81    0.00    0.00   0.21   0.21   0.000    0.00   0.000   1.140  114.6 0.396  19.81 8961 57  123.3
81    0.00    0.00   0.20   0.20   0.000    0.00   0.000   1.088  111.9 0.396  19.90 4055 58  120.2
81    0.00    0.00   0.20   0.20   0.000    0.00   0.000   1.075  111.3 0.396  19.92 7763 59  119.3
81    0.00    0.00   0.20   0.20   0.000    0.00   0.000   1.055  110.2 0.396  19.95 3713 60  118.1
81    0.00    0.00   0.20   0.20   0.000    0.00   0.000   1.044  109.7 0.396  19.97 4021 61  117.5
81    0.00    0.00   0.19   0.19   0.000    0.00   0.000   1.039  109.4 0.396  19.98 2737 62  117.1
81    0.00    0.00   0.19   0.19   0.000    0.00   0.000   1.026  108.7 0.396  20.00 5968 63  116.3
81    0.00    0.00   0.19   0.19   0.000    0.00   0.000   1.023  108.5 0.396  20.01 8557 64  116.1
81    0.00    0.00   0.19   0.19   0.000    0.00   0.000   1.021  108.4 0.396  20.01 9326 65  116.0
81    0.00    0.00   0.18   0.18   0.000    0.00   0.000   0.975  106.0 0.396  20.09 4790 66  113.1
81    0.00    0.00   0.18   0.18   0.000    0.00   0.000   0.966  105.5 0.396  20.11 2609 67  112.5
81    0.00    0.00   0.18   0.18   0.000    0.00   0.000   0.952  104.7 0.396  20.14 1779 68  111.6
81    0.00    0.00   0.17   0.17   0.000    0.00   0.000   0.912  102.5 0.396  20.21 2968 69  109.0
81    0.00    0.00   0.17   0.17   0.000    0.00   0.000   0.900  101.8 0.396  20.24 3719 70  108.2
81    0.00    0.00   0.16   0.16   0.000    0.00   0.000   0.838   98.2 0.396  20.37 4434 71  104.0
81    0.00    0.00   0.16   0.16   0.000    0.00   0.000   0.834   98.0 0.396  20.38 8458 72  103.8
81    0.00    0.00   0.15   0.15   0.000    0.00   0.000   0.821   97.3 0.396  20.40 8975 73  102.9
81    0.00    0.00   0.15   0.15   0.000    0.00   0.000   0.818   97.1 0.396  20.41 9129 74  102.7
81    0.00    0.00   0.15   0.15   0.000    0.00   0.000   0.806   96.4 0.396  20.44 9270 75  101.8
81    0.00    0.00   0.15   0.15   0.000    0.00   0.000   0.791   95.5 0.396  20.47 2681 76  100.8
81    0.00    0.00   0.15   0.15   0.000    0.00   0.000   0.781   94.8 0.396  20.50 3796 77  100.1
81    0.00    0.00   0.15   0.15   0.000    0.00   0.000   0.777   94.6 0.396  20.50 7979 78   99.8
81    0.00    0.00   0.14   0.14   0.000    0.00   0.000   0.772   94.3 0.396  20.52 4150 79   99.4
81    0.00    0.00   0.14   0.14   0.000    0.00   0.000   0.726   91.4 0.396  20.63 7764 80   96.2
81    0.00    0.00   0.13   0.13   0.000    0.00   0.000   0.717   90.9 0.396  20.65 8847 81   95.5
81    0.00    0.00   0.13   0.13   0.000    0.00   0.000   0.717   90.8 0.396  20.65 4812 82   95.5
81    0.00    0.00   0.13   0.13   0.000    0.00   0.000   0.715   90.8 0.396  20.65 7503 83   95.4
81    0.00    0.00   0.13   0.13   0.000    0.00   0.000   0.711   90.5 0.396  20.66 4737 84   95.1
81    0.00    0.00   0.13   0.13   0.000    0.00   0.000   0.692   89.3 0.396  20.71 4428 85   93.7
81    0.00    0.00   0.13   0.13   0.000    0.00   0.000   0.669   87.8 0.396  20.78 4748 86   92.0
81    0.00    0.00   0.12   0.12   0.000    0.00   0.000   0.620   84.5 0.396  20.91 8369 87   88.3
81    0.00    0.00   0.11   0.11   0.000    0.00   0.000   0.608   83.7 0.396  20.95 9158 88   87.4
81    0.00    0.00   0.11   0.11   0.000    0.00   0.000   0.595   82.8 0.396  20.99 4212 89   86.4
81    0.00    0.00   0.11   0.11   0.000    0.00   0.000   0.578   81.6 0.396  21.04 2464 90   85.0
81    0.00    0.00   0.11   0.11   0.000    0.00   0.000   0.577   81.5 0.396  21.04 3098 91   85.0
81    0.00    0.00   0.11   0.11   0.000    0.00   0.000   0.569   81.0 0.396  21.07 9146 92   84.3
81    0.00    0.00   0.11   0.11   0.000    0.00   0.000   0.561   80.4 0.396  21.09 4431 93   83.7
81    0.00    0.00   0.10   0.10   0.000    0.00   0.000   0.553   79.8 0.396  21.12 3822 94   83.0
81    0.00    0.00   0.10   0.10   0.000    0.00   0.000   0.550   79.6 0.396  21.13 2999 95   82.7
81    0.00    0.00   0.10   0.10   0.000    0.00   0.000   0.542   79.0 0.396  21.16 8208 96   82.1
81    0.00    0.00   0.10   0.10   0.000    0.00   0.000   0.537   78.7 0.396  21.17 3551 97   81.7
81    0.00    0.00   0.10   0.10   0.000    0.00   0.000   0.508   76.5 0.396  21.27 8626 98   79.3
81    0.00    0.00   0.09   0.09   0.000    0.00   0.000   0.502   76.0 0.396  21.29 7955 99   78.8
81    0.00    0.00   0.09   0.09   0.000    0.00   0.000   0.501   75.9 0.396  21.30 4570 100   78.7
81    0.00    0.00   0.09   0.09   0.000    0.00   0.000   0.483   74.6 0.396  21.36 2251 101   77.2
81    0.00    0.00   0.09   0.09   0.000    0.00   0.000   0.481   74.4 0.396  21.37 7835 102   77.0
81    0.00    0.00   0.09   0.09   0.000    0.00   0.000   0.480   74.3 0.396  21.38 3282 103   76.9
81    0.00    0.00   0.09   0.09   0.000    0.00   0.000   0.470   73.6 0.396  21.41 9116 104   76.1
81    0.00    0.00   0.09   0.09   0.000    0.00   0.000   0.470   73.6 0.396  21.41 7962 105   76.1
81    0.00    0.00   0.09   0.09   0.000    0.00   0.000   0.460   72.8 0.396  21.45 3417 106   75.3
81    0.00    0.00   0.09   0.09   0.000    0.00   0.000   0.460   72.8 0.396  21.45 2378 107   75.2
81    0.00    0.00   0.08   0.08   0.000    0.00   0.000   0.453   72.2 0.396  21.48 7527 108   74.6
81    0.00    0.00   0.08   0.08   0.000    0.00   0.000   0.452   72.2 0.396  21.48 8785 109   74.5
81    0.00    0.00   0.08   0.08   0.000    0.00   0.000   0.448   71.8 0.396  21.50 8980 110   74.2
81    0.00    0.00   0.08   0.08   0.000    0.00   0.000   0.442   71.3 0.396  21.53 4051 111   73.6
81    0.00    0.00   0.08   0.08   0.000    0.00   0.000   0.441   71.3 0.396  21.53 4692 112   73.5
81    0.00    0.00   0.08   0.08   0.000    0.00   0.000   0.434   70.7 0.396  21.56 3665 113   73.0
81    0.00    0.00   0.08   0.08   0.000    0.00   0.000   0.425   70.0 0.396  21.59 3193 114   72.1
81    0.00    0.00   0.08   0.08   0.000    0.00   0.000   0.424   69.9 0.396  21.60 8888 115   72.0
81    0.00    0.00   0.08   0.08   0.000    0.00   0.000   0.421   69.6 0.396  21.61 7566 116   71.7
81    0.00    0.00   0.08   0.08   0.000    0.00   0.000   0.420   69.5 0.396  21.62 7208 117   71.6
81    0.00    0.00   0.08   0.08   0.000    0.00   0.000   0.412   68.9 0.396  21.65 4667 118   71.0
81    0.00    0.00   0.07   0.07   0.000    0.00   0.000   0.398   67.7 0.396  21.71 8283 119   69.6
81    0.00    0.00   0.07   0.07   0.000    0.00   0.000   0.391   67.1 0.396  21.75 3488 120   69.0
81    0.00    0.00   0.07   0.07   0.000    0.00   0.000   0.389   66.9 0.396  21.76 4216 121   68.8
81    0.00    0.00   0.07   0.07   0.000    0.00   0.000   0.387   66.8 0.396  21.76 4154 122   68.6
81    0.00    0.00   0.07   0.07   0.000    0.00   0.000   0.387   66.7 0.396  21.77 3367 123   68.6
81    0.00    0.00   0.07   0.07   0.000    0.00   0.000   0.386   66.7 0.396  21.77 4793 124   68.5
81    0.00    0.00   0.07   0.07   0.000    0.00   0.000   0.377   65.9 0.396  21.81 7767 125   67.7
81    0.00    0.00   0.07   0.07   0.000    0.00   0.000   0.377   65.9 0.396  21.81 3446 126   67.6
81    0.00    0.00   0.07   0.07   0.000    0.00   0.000   0.376   65.8 0.396  21.82 4505 127   67.5
81    0.00    0.00   0.07   0.07   0.000    0.00   0.000   0.358   64.2 0.396  21.91 8439 128   65.8
81    0.00    0.00   0.07   0.07   0.000    0.00   0.000   0.350   63.4 0.396  21.95 8767 129   65.0
81    0.00    0.00   0.06   0.06   0.000    0.00   0.000   0.344   63.0 0.396  21.98 9170 130   64.5
81    0.00    0.00   0.06   0.06   0.000    0.00   0.000   0.339   62.5 0.396  22.00 3108 131   64.0
81    0.00    0.00   0.06   0.06   0.000    0.00   0.000   0.332   61.8 0.396  22.04 1585 132   63.2
81    0.00    0.00   0.06   0.06   0.000    0.00   0.000   0.312   59.9 0.396  22.16 8779 133   61.2
81    0.00    0.00   0.06   0.06   0.000    0.00   0.000   0.301   58.9 0.396  22.22 4358 134   60.0
81    0.00    0.00   0.05   0.05   0.000    0.00   0.000   0.291   57.9 0.396  22.28 4010 135   59.0
81    0.00    0.00   0.05   0.05   0.000    0.00   0.000   0.290   57.8 0.396  22.29 4712 136   58.9
81    0.00    0.00   0.05   0.05   0.000    0.00   0.000   0.288   57.6 0.396  22.30 2523 137   58.6
81    0.00    0.00   0.05   0.05   0.000    0.00   0.000   0.279   56.7 0.396  22.36 2972 138   57.7
81    0.00    0.00   0.05   0.05   0.000    0.00   0.000   0.275   56.3 0.396  22.38 9088 139   57.3
81    0.00    0.00   0.05   0.05   0.000    0.00   0.000   0.271   55.8 0.396  22.41 4553 140   56.8
81    0.00    0.00   0.05   0.05   0.000    0.00   0.000   0.270   55.8 0.396  22.42 5347 141   56.7
81    0.00    0.00   0.05   0.05   0.000    0.00   0.000   0.265   55.3 0.396  22.45 4257 142   56.2
81    0.00    0.00   0.05   0.05   0.000    0.00   0.000   0.262   55.0 0.396  22.47 7996 143   55.9
81    0.00    0.00   0.05   0.05   0.000    0.00   0.000   0.260   54.8 0.396  22.48 4399 144   55.7
81    0.00    0.00   0.05   0.05   0.000    0.00   0.000   0.259   54.6 0.396  22.49 8075 145   55.5
81    0.00    0.00   0.05   0.05   0.000    0.00   0.000   0.256   54.3 0.396  22.52 2614 146   55.1
81    0.00    0.00   0.05   0.05   0.000    0.00   0.000   0.253   54.0 0.396  22.54 4094 147   54.8
81    0.00    0.00   0.05   0.05   0.000    0.00   0.000   0.250   53.7 0.396  22.56 9162 148   54.5
81    0.00    0.00   0.05   0.05   0.000    0.00   0.000   0.248   53.4 0.396  22.57 7989 149   54.2
81    0.00    0.00   0.05   0.05   0.000    0.00   0.000   0.243   52.9 0.396  22.61 7275 150   53.7
81    0.00    0.00   0.05   0.05   0.000    0.00   0.000   0.242   52.8 0.396  22.62 4724 151   53.5
81    0.00    0.00   0.04   0.04   0.000    0.00   0.000   0.239   52.4 0.396  22.64 4637 152   53.2
81    0.00    0.00   0.04   0.04   0.000    0.00   0.000   0.237   52.2 0.396  22.66 7932 153   53.0
81    0.00    0.00   0.04   0.04   0.000    0.00   0.000   0.232   51.7 0.396  22.69 7724 154   52.4
81    0.00    0.00   0.04   0.04   0.000    0.00   0.000   0.231   51.6 0.396  22.70 2322 155   52.4
81    0.00    0.00   0.04   0.04   0.000    0.00   0.000   0.229   51.4 0.396  22.71 8442 156   52.1
81    0.00    0.00   0.04   0.04   0.000    0.00   0.000   0.228   51.2 0.396  22.72 4188 157   51.9
81    0.00    0.00   0.04   0.04   0.000    0.00   0.000   0.225   50.9 0.396  22.75 8873 158   51.6
81    0.00    0.00   0.04   0.04   0.000    0.00   0.000   0.225   50.9 0.396  22.75 4267 159   51.6
81    0.00    0.00   0.04   0.04   0.000    0.00   0.000   0.221   50.4 0.396  22.78 1759 160   51.1
81    0.00    0.00   0.04   0.04   0.000    0.00   0.000   0.218   50.1 0.396  22.80 3881 161   50.8
81    0.00    0.00   0.04   0.04   0.000    0.00   0.000   0.216   49.9 0.396  22.82 4559 162   50.5
81    0.00    0.00   0.04   0.04   0.000    0.00   0.000   0.215   49.8 0.396  22.83 8524 163   50.4
81    0.00    0.00   0.04   0.04   0.000    0.00   0.000   0.214   49.7 0.396  22.83 8745 164   50.3
81    0.00    0.00   0.04   0.04   0.000    0.00   0.000   0.212   49.4 0.396  22.86 8756 165   50.0
81    0.00    0.00   0.04   0.04   0.000    0.00   0.000   0.209   49.1 0.396  22.88 4782 166   49.7
81    0.00    0.00   0.04   0.04   0.000    0.00   0.000   0.208   48.9 0.396  22.89 4366 167   49.5
81    0.00    0.00   0.04   0.04   0.000    0.00   0.000   0.207   48.9 0.396  22.90 9038 168   49.5
81    0.00    0.00   0.04   0.04   0.000    0.00   0.000   0.204   48.5 0.396  22.92 8421 169   49.1
81    0.00    0.00   0.04   0.04   0.000    0.00   0.000   0.201   48.1 0.396  22.95 7336 170   48.7
81    0.00    0.00   0.04   0.04   0.000    0.00   0.000   0.199   47.9 0.396  22.97 2317 171   48.5
81    0.00    0.00   0.04   0.04   0.000    0.00   0.000   0.198   47.8 0.396  22.98 4290 172   48.4
81    0.00    0.00   0.04   0.04   0.000    0.00   0.000   0.196   47.5 0.396  22.99 8693 173   48.1
81    0.00    0.00   0.04   0.04   0.000    0.00   0.000   0.196   47.5 0.396  23.00 3828 174   48.1
81    0.00    0.00   0.04   0.04   0.000    0.00   0.000   0.196   47.5 0.396  23.00 8441 175   48.0
81    0.00    0.00   0.04   0.04   0.000    0.00   0.000   0.196   47.5 0.396  23.00 2699 176   48.0
81    0.00    0.00   0.04   0.04   0.000    0.00   0.000   0.193   47.1 0.396  23.03 3372 177   47.7
81    0.00    0.00   0.04   0.04   0.000    0.00   0.000   0.192   47.0 0.396  23.04 3752 178   47.5
81    0.00    0.00   0.04   0.04   0.000    0.00   0.000   0.189   46.7 0.396  23.06 9151 179   47.2
81    0.00    0.00   0.04   0.04   0.000    0.00   0.000   0.188   46.5 0.396  23.08 3803 180   47.0
81    0.00    0.00   0.03   0.03   0.000    0.00   0.000   0.186   46.3 0.396  23.09 2244 181   46.8
81    0.00    0.00   0.03   0.03   0.000    0.00   0.000   0.186   46.2 0.396  23.09 4282 182   46.8
81    0.00    0.00   0.03   0.03   0.000    0.00   0.000   0.185   46.1 0.396  23.10 2181 183   46.6
81    0.00    0.00   0.03   0.03   0.000    0.00   0.000   0.183   45.9 0.396  23.13 8220 184   46.4
81    0.00    0.00   0.03   0.03   0.000    0.00   0.000   0.179   45.4 0.396  23.17 8883 185   45.9
81    0.00    0.00   0.03   0.03   0.000    0.00   0.000   0.178   45.3 0.396  23.17 8547 186   45.8
81    0.00    0.00   0.03   0.03   0.000    0.00   0.000   0.176   45.0 0.396  23.19 3029 187   45.5
81    0.00    0.00   0.03   0.03   0.000    0.00   0.000   0.173   44.6 0.396  23.23 4299 188   45.1
81    0.00    0.00   0.03   0.03   0.000    0.00   0.000   0.171   44.3 0.396  23.25 7133 189   44.8
81    0.00    0.00   0.03   0.03   0.000    0.00   0.000   0.164   43.4 0.396  23.32 4124 190   43.9
81    0.00    0.00   0.03   0.03   0.000    0.00   0.000   0.162   43.2 0.396  23.34 3130 191   43.7
81    0.00    0.00   0.03   0.03   0.000    0.00   0.000   0.162   43.2 0.396  23.34 2730 192   43.7
81    0.00    0.00   0.03   0.03   0.000    0.00   0.000   0.156   42.3 0.396  23.41 7550 193   42.8
81    0.00    0.00   0.03   0.03   0.000    0.00   0.000   0.155   42.3 0.396  23.42 4004 194   42.8
81    0.00    0.00   0.03   0.03   0.000    0.00   0.000   0.150   41.6 0.396  23.48 4416 195   42.1
81    0.00    0.00   0.03   0.03   0.000    0.00   0.000   0.148   41.3 0.396  23.50 8879 196   41.9
81    0.00    0.00   0.03   0.03   0.000    0.00   0.000   0.148   41.3 0.396  23.51 3911 197   41.8
81    0.00    0.00   0.03   0.03   0.000    0.00   0.000   0.147   41.2 0.396  23.51 9299 198   41.7
81    0.00    0.00   0.03   0.03   0.000    0.00   0.000   0.145   40.8 0.396  23.54 99994 199   41.4
81    0.00    0.00   0.03   0.03   0.000    0.00   0.000   0.144   40.8 0.396  23.55 4427 200   41.3
81    0.00    0.00   0.03   0.03   0.000    0.00   0.000   0.141   40.3 0.396  23.60 7567 201   40.8
81    0.00    0.00   0.03   0.03   0.000    0.00   0.000   0.140   40.1 0.396  23.61 2491 202   40.7
81    0.00    0.00   0.03   0.03   0.000    0.00   0.000   0.139   40.1 0.396  23.61 9148 203   40.6
81    0.00    0.00   0.03   0.03   0.000    0.00   0.000   0.135   39.5 0.396  23.67 8908 204   40.1
81    0.00    0.00   0.03   0.03   0.000    0.00   0.000   0.134   39.3 0.396  23.68 6933 205   39.9
81    0.00    0.00   0.02   0.02   0.000    0.00   0.000   0.130   38.7 0.396  23.74 3819 206   39.3
81    0.00    0.00   0.02   0.02   0.000    0.00   0.000   0.127   38.3 0.396  23.78 3965 207   38.9
81    0.00    0.00   0.02   0.02   0.000    0.00   0.000   0.127   38.3 0.396  23.78 2185 208   38.9
81    0.00    0.00   0.02   0.02   0.000    0.00   0.000   0.126   38.1 0.396  23.79 3704 209   38.8
81    0.00    0.00   0.02   0.02   0.000    0.00   0.000   0.126   38.0 0.396  23.80 9374 210   38.7
81    0.00    0.00   0.02   0.02   0.000    0.00   0.000   0.123   37.7 0.396  23.84 8754 211   38.3
81    0.00    0.00   0.02   0.02   0.000    0.00   0.000   0.122   37.5 0.396  23.86 3438 212   38.2
81    0.00    0.00   0.02   0.02   0.000    0.00   0.000   0.120   37.2 0.396  23.88 3720 213   38.0
81    0.00    0.00   0.02   0.02   0.000    0.00   0.000   0.120   37.2 0.396  23.88 2537 214   37.9
81    0.00    0.00   0.02   0.02   0.000    0.00   0.000   0.120   37.1 0.396  23.89 7794 215   37.8
81    0.00    0.00   0.02   0.02   0.000    0.00   0.000   0.116   36.5 0.396  23.95 8891 216   37.3
81    0.00    0.00   0.02   0.02   0.000    0.00   0.000   0.116   36.5 0.396  23.95 4336 217   37.3
81    0.00    0.00   0.02   0.02   0.000    0.00   0.000   0.100   33.9 0.396  24.22 7867 218   35.0
81    0.00    0.00   0.02   0.02   0.000    0.00   0.000   0.080   30.4 0.396  24.61 8830 219   32.2
81    0.00    0.00   0.01   0.01   0.000    0.00   0.000   0.075   29.4 0.396  24.73 9308 220   31.5
81    0.00    0.00   0.00   0.00   0.000    0.00   0.000   0.015   13.3 0.396  27.61 99990 221   19.6
