#REFERENCE 0 64.0381417 -24.0674722
O1 64.0388935 -24.0671046 0.0000 0.0000 145.87 0.00
O1 64.038894 -24.067105 0.0000 0.0000 145.87 0.00
O1 64.0388935 -24.0671046 0.0000 0.0000 145.87 0.00
O1 64.0388935 -24.0671046 9.7664 3.2654 145.87 5734.72
O2 64.0315973 -24.0782305 0.0000 0.0000 125.34 0.00
O2 64.031597 -24.078230 0.0000 0.0000 125.34 0.00
O2 64.0315973 -24.0782305 0.0000 0.0000 125.34 0.00
O2 64.0315973 -24.0782305 10.0315 3.8526 125.34 7734.04
O3 64.0492049 -24.0652020 0.0000 0.0000 0.00 0.00
O3 64.049205 -24.065202 0.0000 0.0000 0.00 0.00
O3 64.0492049 -24.0652020 0.0000 0.0000 0.00 0.00
O3 64.0492049 -24.0652020 1.9390 1.9390 0.00 1124.06
O4 64.0411841 -24.0779947 0.0000 0.0000 106.67 0.00
O4 64.041184 -24.077995 0.0000 0.0000 106.67 0.00
O4 64.0411841 -24.0779947 0.0000 0.0000 106.67 0.00
O4 64.0411841 -24.0779947 3.3913 1.6896 106.67 1367.50
O5 64.0284160 -24.0856807 0.0000 0.0000 0.00 0.00
O5 64.028416 -24.085681 0.0000 0.0000 0.00 0.00
O5 64.0284160 -24.0856807 0.0000 0.0000 0.00 0.00
O5 64.0284160 -24.0856807 1.4831 1.4831 0.00 17.44
O6 64.0340836 -24.0667430 0.0000 0.0000 2.55 0.00
O6 64.034084 -24.066743 0.0000 0.0000 2.55 0.00
O6 64.0340836 -24.0667430 0.0000 0.0000 2.55 0.00
O6 64.0340836 -24.0667430 0.6675 0.5766 2.55 0.80
7 64.0436596 -24.0708426 0.0000 0.0000 -156.76 0.00
7 64.043660 -24.070843 0.0000 0.0000 -156.76 0.00
7 64.0436596 -24.0708426 0.0000 0.0000 -156.76 0.00
7 64.0436596 -24.0708426 3.0327 2.6936 -156.76 181.67
8 64.0287744 -24.0809919 0.0000 0.0000 -71.50 0.00
8 64.028774 -24.080992 0.0000 0.0000 -71.50 0.00
8 64.0287744 -24.0809919 0.0000 0.0000 -71.50 0.00
8 64.0287744 -24.0809919 2.1441 1.3759 -71.50 66.46
9 64.0388625 -24.0678230 0.0000 0.0000 -54.74 0.00
9 64.038863 -24.067823 0.0000 0.0000 -54.74 0.00
9 64.0388625 -24.0678230 0.0000 0.0000 -54.74 0.00
9 64.0388625 -24.0678230 0.8823 0.5605 -54.74 2.52
10 64.0442651 -24.0633773 0.0000 0.0000 -49.32 0.00
10 64.044265 -24.063377 0.0000 0.0000 -49.32 0.00
10 64.0442651 -24.0633773 0.0000 0.0000 -49.32 0.00
10 64.0442651 -24.0633773 2.3960 1.5660 -49.32 26.89
2526 64.0381417 -24.0674722 0.0000 0.0000 0.00 0.00
2526 64.038142 -24.067472 0.0000 0.0000 0.00 0.00
2526 64.0381417 -24.0674722 0.0000 0.0000 0.00 0.00
2526 64.0381417 -24.0674722 0.6647 0.6647 0.00 0.07
3158 64.0381417 -24.0674722 0.0000 0.0000 0.00 0.00
3158 64.038142 -24.067472 0.0000 0.0000 0.00 0.00
3158 64.0381417 -24.0674722 0.0000 0.0000 0.00 0.00
3158 64.0381417 -24.0674722 0.6245 0.6245 0.00 0.05
4112 64.0381417 -24.0674722 0.0000 0.0000 0.00 0.00
4112 64.038142 -24.067472 0.0000 0.0000 0.00 0.00
4112 64.0381417 -24.0674722 0.0000 0.0000 0.00 0.00
4112 64.0381417 -24.0674722 0.5132 0.5132 0.00 0.02
1297 64.0381417 -24.0674722 0.0000 0.0000 0.00 0.00
1297 64.038142 -24.067472 0.0000 0.0000 0.00 0.00
1297 64.0381417 -24.0674722 0.0000 0.0000 0.00 0.00
1297 64.0381417 -24.0674722 0.5075 0.5075 0.00 0.02
3050 64.0381417 -24.0674722 0.0000 0.0000 0.00 0.00
3050 64.038142 -24.067472 0.0000 0.0000 0.00 0.00
3050 64.0381417 -24.0674722 0.0000 0.0000 0.00 0.00
3050 64.0381417 -24.0674722 0.4933 0.4933 0.00 0.02
4470 64.0381417 -24.0674722 0.0000 0.0000 0.00 0.00
4470 64.038142 -24.067472 0.0000 0.0000 0.00 0.00
4470 64.0381417 -24.0674722 0.0000 0.0000 0.00 0.00
4470 64.0381417 -24.0674722 0.4915 0.4915 0.00 0.02
8514 64.0381417 -24.0674722 0.0000 0.0000 0.00 0.00
8514 64.038142 -24.067472 0.0000 0.0000 0.00 0.00
8514 64.0381417 -24.0674722 0.0000 0.0000 0.00 0.00
8514 64.0381417 -24.0674722 0.4880 0.4880 0.00 0.02
2377 64.0381417 -24.0674722 0.0000 0.0000 0.00 0.00
2377 64.038142 -24.067472 0.0000 0.0000 0.00 0.00
2377 64.0381417 -24.0674722 0.0000 0.0000 0.00 0.00
2377 64.0381417 -24.0674722 0.4828 0.4828 0.00 0.02
2025 64.0381417 -24.0674722 0.0000 0.0000 0.00 0.00
2025 64.038142 -24.067472 0.0000 0.0000 0.00 0.00
2025 64.0381417 -24.0674722 0.0000 0.0000 0.00 0.00
2025 64.0381417 -24.0674722 0.4615 0.4615 0.00 0.02
8607 64.0381417 -24.0674722 0.0000 0.0000 0.00 0.00
8607 64.038142 -24.067472 0.0000 0.0000 0.00 0.00
8607 64.0381417 -24.0674722 0.0000 0.0000 0.00 0.00
8607 64.0381417 -24.0674722 0.4241 0.4241 0.00 0.01
4341 64.0381417 -24.0674722 0.0000 0.0000 0.00 0.00
4341 64.038142 -24.067472 0.0000 0.0000 0.00 0.00
4341 64.0381417 -24.0674722 0.0000 0.0000 0.00 0.00
4341 64.0381417 -24.0674722 0.4201 0.4201 0.00 0.01
8795 64.0381417 -24.0674722 0.0000 0.0000 0.00 0.00
8795 64.038142 -24.067472 0.0000 0.0000 0.00 0.00
8795 64.0381417 -24.0674722 0.0000 0.0000 0.00 0.00
8795 64.0381417 -24.0674722 0.4147 0.4147 0.00 0.01
7221 64.0381417 -24.0674722 0.0000 0.0000 0.00 0.00
7221 64.038142 -24.067472 0.0000 0.0000 0.00 0.00
7221 64.0381417 -24.0674722 0.0000 0.0000 0.00 0.00
7221 64.0381417 -24.0674722 0.4089 0.4089 0.00 0.01
4677 64.0381417 -24.0674722 0.0000 0.0000 0.00 0.00
4677 64.038142 -24.067472 0.0000 0.0000 0.00 0.00
4677 64.0381417 -24.0674722 0.0000 0.0000 0.00 0.00
4677 64.0381417 -24.0674722 0.4085 0.4085 0.00 0.01
8254 64.0381417 -24.0674722 0.0000 0.0000 0.00 0.00
8254 64.038142 -24.067472 0.0000 0.0000 0.00 0.00
8254 64.0381417 -24.0674722 0.0000 0.0000 0.00 0.00
8254 64.0381417 -24.0674722 0.4075 0.4075 0.00 0.01
7203 64.0381417 -24.0674722 0.0000 0.0000 0.00 0.00
7203 64.038142 -24.067472 0.0000 0.0000 0.00 0.00
7203 64.0381417 -24.0674722 0.0000 0.0000 0.00 0.00
7203 64.0381417 -24.0674722 0.4010 0.4010 0.00 0.01
4583 64.0381417 -24.0674722 0.0000 0.0000 0.00 0.00
4583 64.038142 -24.067472 0.0000 0.0000 0.00 0.00
4583 64.0381417 -24.0674722 0.0000 0.0000 0.00 0.00
4583 64.0381417 -24.0674722 0.3999 0.3999 0.00 0.01
4381 64.0381417 -24.0674722 0.0000 0.0000 0.00 0.00
4381 64.038142 -24.067472 0.0000 0.0000 0.00 0.00
4381 64.0381417 -24.0674722 0.0000 0.0000 0.00 0.00
4381 64.0381417 -24.0674722 0.3985 0.3985 0.00 0.01
1966 64.0381417 -24.0674722 0.0000 0.0000 0.00 0.00
1966 64.038142 -24.067472 0.0000 0.0000 0.00 0.00
1966 64.0381417 -24.0674722 0.0000 0.0000 0.00 0.00
1966 64.0381417 -24.0674722 0.3960 0.3960 0.00 0.01
6586 64.0381417 -24.0674722 0.0000 0.0000 0.00 0.00
6586 64.038142 -24.067472 0.0000 0.0000 0.00 0.00
6586 64.0381417 -24.0674722 0.0000 0.0000 0.00 0.00
6586 64.0381417 -24.0674722 0.3938 0.3938 0.00 0.01
8515 64.0381417 -24.0674722 0.0000 0.0000 0.00 0.00
8515 64.038142 -24.067472 0.0000 0.0000 0.00 0.00
8515 64.0381417 -24.0674722 0.0000 0.0000 0.00 0.00
8515 64.0381417 -24.0674722 0.3899 0.3899 0.00 0.01
8789 64.0381417 -24.0674722 0.0000 0.0000 0.00 0.00
8789 64.038142 -24.067472 0.0000 0.0000 0.00 0.00
8789 64.0381417 -24.0674722 0.0000 0.0000 0.00 0.00
8789 64.0381417 -24.0674722 0.3894 0.3894 0.00 0.01
8925 64.0381417 -24.0674722 0.0000 0.0000 0.00 0.00
8925 64.038142 -24.067472 0.0000 0.0000 0.00 0.00
8925 64.0381417 -24.0674722 0.0000 0.0000 0.00 0.00
8925 64.0381417 -24.0674722 0.3810 0.3810 0.00 0.01
7918 64.0381417 -24.0674722 0.0000 0.0000 0.00 0.00
7918 64.038142 -24.067472 0.0000 0.0000 0.00 0.00
7918 64.0381417 -24.0674722 0.0000 0.0000 0.00 0.00
7918 64.0381417 -24.0674722 0.3789 0.3789 0.00 0.01
3654 64.0381417 -24.0674722 0.0000 0.0000 0.00 0.00
3654 64.038142 -24.067472 0.0000 0.0000 0.00 0.00
3654 64.0381417 -24.0674722 0.0000 0.0000 0.00 0.00
3654 64.0381417 -24.0674722 0.3729 0.3729 0.00 0.01
99992 64.0381417 -24.0674722 0.0000 0.0000 0.00 0.00
99992 64.038142 -24.067472 0.0000 0.0000 0.00 0.00
99992 64.0381417 -24.0674722 0.0000 0.0000 0.00 0.00
99992 64.0381417 -24.0674722 0.3656 0.3656 0.00 0.01
7034 64.0381417 -24.0674722 0.0000 0.0000 0.00 0.00
7034 64.038142 -24.067472 0.0000 0.0000 0.00 0.00
7034 64.0381417 -24.0674722 0.0000 0.0000 0.00 0.00
7034 64.0381417 -24.0674722 0.3642 0.3642 0.00 0.01
7686 64.0381417 -24.0674722 0.0000 0.0000 0.00 0.00
7686 64.038142 -24.067472 0.0000 0.0000 0.00 0.00
7686 64.0381417 -24.0674722 0.0000 0.0000 0.00 0.00
7686 64.0381417 -24.0674722 0.3548 0.3548 0.00 0.01
3558 64.0381417 -24.0674722 0.0000 0.0000 0.00 0.00
3558 64.038142 -24.067472 0.0000 0.0000 0.00 0.00
3558 64.0381417 -24.0674722 0.0000 0.0000 0.00 0.00
3558 64.0381417 -24.0674722 0.3481 0.3481 0.00 0.01
4375 64.0381417 -24.0674722 0.0000 0.0000 0.00 0.00
4375 64.038142 -24.067472 0.0000 0.0000 0.00 0.00
4375 64.0381417 -24.0674722 0.0000 0.0000 0.00 0.00
4375 64.0381417 -24.0674722 0.3353 0.3353 0.00 0.00
8869 64.0381417 -24.0674722 0.0000 0.0000 0.00 0.00
8869 64.038142 -24.067472 0.0000 0.0000 0.00 0.00
8869 64.0381417 -24.0674722 0.0000 0.0000 0.00 0.00
8869 64.0381417 -24.0674722 0.3345 0.3345 0.00 0.00
1988 64.0381417 -24.0674722 0.0000 0.0000 0.00 0.00
1988 64.038142 -24.067472 0.0000 0.0000 0.00 0.00
1988 64.0381417 -24.0674722 0.0000 0.0000 0.00 0.00
1988 64.0381417 -24.0674722 0.3320 0.3320 0.00 0.00
8757 64.0381417 -24.0674722 0.0000 0.0000 0.00 0.00
8757 64.038142 -24.067472 0.0000 0.0000 0.00 0.00
8757 64.0381417 -24.0674722 0.0000 0.0000 0.00 0.00
8757 64.0381417 -24.0674722 0.3306 0.3306 0.00 0.00
4685 64.0381417 -24.0674722 0.0000 0.0000 0.00 0.00
4685 64.038142 -24.067472 0.0000 0.0000 0.00 0.00
4685 64.0381417 -24.0674722 0.0000 0.0000 0.00 0.00
4685 64.0381417 -24.0674722 0.3284 0.3284 0.00 0.00
1 64.0381417 -24.0674722 0.0000 0.0000 0.00 0.00
1 64.038142 -24.067472 0.0000 0.0000 0.00 0.00
1 64.0381417 -24.0674722 0.0000 0.0000 0.00 0.00
1 64.0381417 -24.0674722 0.3264 0.3264 0.00 0.00
6179 64.0381417 -24.0674722 0.0000 0.0000 0.00 0.00
6179 64.038142 -24.067472 0.0000 0.0000 0.00 0.00
6179 64.0381417 -24.0674722 0.0000 0.0000 0.00 0.00
6179 64.0381417 -24.0674722 0.3255 0.3255 0.00 0.00
8893 64.0381417 -24.0674722 0.0000 0.0000 0.00 0.00
8893 64.038142 -24.067472 0.0000 0.0000 0.00 0.00
8893 64.0381417 -24.0674722 0.0000 0.0000 0.00 0.00
8893 64.0381417 -24.0674722 0.3232 0.3232 0.00 0.00
4551 64.0381417 -24.0674722 0.0000 0.0000 0.00 0.00
4551 64.038142 -24.067472 0.0000 0.0000 0.00 0.00
4551 64.0381417 -24.0674722 0.0000 0.0000 0.00 0.00
4551 64.0381417 -24.0674722 0.3223 0.3223 0.00 0.00
7959 64.0381417 -24.0674722 0.0000 0.0000 0.00 0.00
7959 64.038142 -24.067472 0.0000 0.0000 0.00 0.00
7959 64.0381417 -24.0674722 0.0000 0.0000 0.00 0.00
7959 64.0381417 -24.0674722 0.3205 0.3205 0.00 0.00
7360 64.0381417 -24.0674722 0.0000 0.0000 0.00 0.00
7360 64.038142 -24.067472 0.0000 0.0000 0.00 0.00
7360 64.0381417 -24.0674722 0.0000 0.0000 0.00 0.00
7360 64.0381417 -24.0674722 0.3172 0.3172 0.00 0.00
4026 64.0381417 -24.0674722 0.0000 0.0000 0.00 0.00
4026 64.038142 -24.067472 0.0000 0.0000 0.00 0.00
4026 64.0381417 -24.0674722 0.0000 0.0000 0.00 0.00
4026 64.0381417 -24.0674722 0.3169 0.3169 0.00 0.00
3 64.0381417 -24.0674722 0.0000 0.0000 0.00 0.00
3 64.038142 -24.067472 0.0000 0.0000 0.00 0.00
3 64.0381417 -24.0674722 0.0000 0.0000 0.00 0.00
3 64.0381417 -24.0674722 0.3143 0.3143 0.00 0.00
9087 64.0381417 -24.0674722 0.0000 0.0000 0.00 0.00
9087 64.038142 -24.067472 0.0000 0.0000 0.00 0.00
9087 64.0381417 -24.0674722 0.0000 0.0000 0.00 0.00
9087 64.0381417 -24.0674722 0.3125 0.3125 0.00 0.00
3364 64.0381417 -24.0674722 0.0000 0.0000 0.00 0.00
3364 64.038142 -24.067472 0.0000 0.0000 0.00 0.00
3364 64.0381417 -24.0674722 0.0000 0.0000 0.00 0.00
3364 64.0381417 -24.0674722 0.3121 0.3121 0.00 0.00
9305 64.0381417 -24.0674722 0.0000 0.0000 0.00 0.00
9305 64.038142 -24.067472 0.0000 0.0000 0.00 0.00
9305 64.0381417 -24.0674722 0.0000 0.0000 0.00 0.00
9305 64.0381417 -24.0674722 0.3115 0.3115 0.00 0.00
4103 64.0381417 -24.0674722 0.0000 0.0000 0.00 0.00
4103 64.038142 -24.067472 0.0000 0.0000 0.00 0.00
4103 64.0381417 -24.0674722 0.0000 0.0000 0.00 0.00
4103 64.0381417 -24.0674722 0.3093 0.3093 0.00 0.00
2672 64.0381417 -24.0674722 0.0000 0.0000 0.00 0.00
2672 64.038142 -24.067472 0.0000 0.0000 0.00 0.00
2672 64.0381417 -24.0674722 0.0000 0.0000 0.00 0.00
2672 64.0381417 -24.0674722 0.3077 0.3077 0.00 0.00
8961 64.0381417 -24.0674722 0.0000 0.0000 0.00 0.00
8961 64.038142 -24.067472 0.0000 0.0000 0.00 0.00
8961 64.0381417 -24.0674722 0.0000 0.0000 0.00 0.00
8961 64.0381417 -24.0674722 0.3071 0.3071 0.00 0.00
4055 64.0381417 -24.0674722 0.0000 0.0000 0.00 0.00
4055 64.038142 -24.067472 0.0000 0.0000 0.00 0.00
4055 64.0381417 -24.0674722 0.0000 0.0000 0.00 0.00
4055 64.0381417 -24.0674722 0.3000 0.3000 0.00 0.00
7763 64.0381417 -24.0674722 0.0000 0.0000 0.00 0.00
7763 64.038142 -24.067472 0.0000 0.0000 0.00 0.00
7763 64.0381417 -24.0674722 0.0000 0.0000 0.00 0.00
7763 64.0381417 -24.0674722 0.2982 0.2982 0.00 0.00
3713 64.0381417 -24.0674722 0.0000 0.0000 0.00 0.00
3713 64.038142 -24.067472 0.0000 0.0000 0.00 0.00
3713 64.0381417 -24.0674722 0.0000 0.0000 0.00 0.00
3713 64.0381417 -24.0674722 0.2954 0.2954 0.00 0.00
4021 64.0381417 -24.0674722 0.0000 0.0000 0.00 0.00
4021 64.038142 -24.067472 0.0000 0.0000 0.00 0.00
4021 64.0381417 -24.0674722 0.0000 0.0000 0.00 0.00
4021 64.0381417 -24.0674722 0.2939 0.2939 0.00 0.00
2737 64.0381417 -24.0674722 0.0000 0.0000 0.00 0.00
2737 64.038142 -24.067472 0.0000 0.0000 0.00 0.00
2737 64.0381417 -24.0674722 0.0000 0.0000 0.00 0.00
2737 64.0381417 -24.0674722 0.2931 0.2931 0.00 0.00
5968 64.0381417 -24.0674722 0.0000 0.0000 0.00 0.00
5968 64.038142 -24.067472 0.0000 0.0000 0.00 0.00
5968 64.0381417 -24.0674722 0.0000 0.0000 0.00 0.00
5968 64.0381417 -24.0674722 0.2913 0.2913 0.00 0.00
8557 64.0381417 -24.0674722 0.0000 0.0000 0.00 0.00
8557 64.038142 -24.067472 0.0000 0.0000 0.00 0.00
8557 64.0381417 -24.0674722 0.0000 0.0000 0.00 0.00
8557 64.0381417 -24.0674722 0.2909 0.2909 0.00 0.00
9326 64.0381417 -24.0674722 0.0000 0.0000 0.00 0.00
9326 64.038142 -24.067472 0.0000 0.0000 0.00 0.00
9326 64.0381417 -24.0674722 0.0000 0.0000 0.00 0.00
9326 64.0381417 -24.0674722 0.2906 0.2906 0.00 0.00
4790 64.0381417 -24.0674722 0.0000 0.0000 0.00 0.00
4790 64.038142 -24.067472 0.0000 0.0000 0.00 0.00
4790 64.0381417 -24.0674722 0.0000 0.0000 0.00 0.00
4790 64.0381417 -24.0674722 0.2841 0.2841 0.00 0.00
2609 64.0381417 -24.0674722 0.0000 0.0000 0.00 0.00
2609 64.038142 -24.067472 0.0000 0.0000 0.00 0.00
2609 64.0381417 -24.0674722 0.0000 0.0000 0.00 0.00
2609 64.0381417 -24.0674722 0.2827 0.2827 0.00 0.00
1779 64.0381417 -24.0674722 0.0000 0.0000 0.00 0.00
1779 64.038142 -24.067472 0.0000 0.0000 0.00 0.00
1779 64.0381417 -24.0674722 0.0000 0.0000 0.00 0.00
1779 64.0381417 -24.0674722 0.2806 0.2806 0.00 0.00
2968 64.0381417 -24.0674722 0.0000 0.0000 0.00 0.00
2968 64.038142 -24.067472 0.0000 0.0000 0.00 0.00
2968 64.0381417 -24.0674722 0.0000 0.0000 0.00 0.00
2968 64.0381417 -24.0674722 0.2747 0.2747 0.00 0.00
3719 64.0381417 -24.0674722 0.0000 0.0000 0.00 0.00
3719 64.038142 -24.067472 0.0000 0.0000 0.00 0.00
3719 64.0381417 -24.0674722 0.0000 0.0000 0.00 0.00
3719 64.0381417 -24.0674722 0.2729 0.2729 0.00 0.00
4434 64.0381417 -24.0674722 0.0000 0.0000 0.00 0.00
4434 64.038142 -24.067472 0.0000 0.0000 0.00 0.00
4434 64.0381417 -24.0674722 0.0000 0.0000 0.00 0.00
4434 64.0381417 -24.0674722 0.2633 0.2633 0.00 0.00
8458 64.0381417 -24.0674722 0.0000 0.0000 0.00 0.00
8458 64.038142 -24.067472 0.0000 0.0000 0.00 0.00
8458 64.0381417 -24.0674722 0.0000 0.0000 0.00 0.00
8458 64.0381417 -24.0674722 0.2627 0.2627 0.00 0.00
8975 64.0381417 -24.0674722 0.0000 0.0000 0.00 0.00
8975 64.038142 -24.067472 0.0000 0.0000 0.00 0.00
8975 64.0381417 -24.0674722 0.0000 0.0000 0.00 0.00
8975 64.0381417 -24.0674722 0.2607 0.2607 0.00 0.00
9129 64.0381417 -24.0674722 0.0000 0.0000 0.00 0.00
9129 64.038142 -24.067472 0.0000 0.0000 0.00 0.00
9129 64.0381417 -24.0674722 0.0000 0.0000 0.00 0.00
9129 64.0381417 -24.0674722 0.2602 0.2602 0.00 0.00
9270 64.0381417 -24.0674722 0.0000 0.0000 0.00 0.00
9270 64.038142 -24.067472 0.0000 0.0000 0.00 0.00
9270 64.0381417 -24.0674722 0.0000 0.0000 0.00 0.00
9270 64.0381417 -24.0674722 0.2583 0.2583 0.00 0.00
2681 64.0381417 -24.0674722 0.0000 0.0000 0.00 0.00
2681 64.038142 -24.067472 0.0000 0.0000 0.00 0.00
2681 64.0381417 -24.0674722 0.0000 0.0000 0.00 0.00
2681 64.0381417 -24.0674722 0.2559 0.2559 0.00 0.00
3796 64.0381417 -24.0674722 0.0000 0.0000 0.00 0.00
3796 64.038142 -24.067472 0.0000 0.0000 0.00 0.00
3796 64.0381417 -24.0674722 0.0000 0.0000 0.00 0.00
3796 64.0381417 -24.0674722 0.2541 0.2541 0.00 0.00
7979 64.0381417 -24.0674722 0.0000 0.0000 0.00 0.00
7979 64.038142 -24.067472 0.0000 0.0000 0.00 0.00
7979 64.0381417 -24.0674722 0.0000 0.0000 0.00 0.00
7979 64.0381417 -24.0674722 0.2536 0.2536 0.00 0.00
4150 64.0381417 -24.0674722 0.0000 0.0000 0.00 0.00
4150 64.038142 -24.067472 0.0000 0.0000 0.00 0.00
4150 64.0381417 -24.0674722 0.0000 0.0000 0.00 0.00
4150 64.0381417 -24.0674722 0.2527 0.2527 0.00 0.00
7764 64.0381417 -24.0674722 0.0000 0.0000 0.00 0.00
7764 64.038142 -24.067472 0.0000 0.0000 0.00 0.00
7764 64.0381417 -24.0674722 0.0000 0.0000 0.00 0.00
7764 64.0381417 -24.0674722 0.2451 0.2451 0.00 0.00
8847 64.0381417 -24.0674722 0.0000 0.0000 0.00 0.00
8847 64.038142 -24.067472 0.0000 0.0000 0.00 0.00
8847 64.0381417 -24.0674722 0.0000 0.0000 0.00 0.00
8847 64.0381417 -24.0674722 0.2435 0.2435 0.00 0.00
4812 64.0381417 -24.0674722 0.0000 0.0000 0.00 0.00
4812 64.038142 -24.067472 0.0000 0.0000 0.00 0.00
4812 64.0381417 -24.0674722 0.0000 0.0000 0.00 0.00
4812 64.0381417 -24.0674722 0.2435 0.2435 0.00 0.00
7503 64.0381417 -24.0674722 0.0000 0.0000 0.00 0.00
7503 64.038142 -24.067472 0.0000 0.0000 0.00 0.00
7503 64.0381417 -24.0674722 0.0000 0.0000 0.00 0.00
7503 64.0381417 -24.0674722 0.2433 0.2433 0.00 0.00
4737 64.0381417 -24.0674722 0.0000 0.0000 0.00 0.00
4737 64.038142 -24.067472 0.0000 0.0000 0.00 0.00
4737 64.0381417 -24.0674722 0.0000 0.0000 0.00 0.00
4737 64.0381417 -24.0674722 0.2426 0.2426 0.00 0.00
4428 64.0381417 -24.0674722 0.0000 0.0000 0.00 0.00
4428 64.038142 -24.067472 0.0000 0.0000 0.00 0.00
4428 64.0381417 -24.0674722 0.0000 0.0000 0.00 0.00
4428 64.0381417 -24.0674722 0.2393 0.2393 0.00 0.00
4748 64.0381417 -24.0674722 0.0000 0.0000 0.00 0.00
4748 64.038142 -24.067472 0.0000 0.0000 0.00 0.00
4748 64.0381417 -24.0674722 0.0000 0.0000 0.00 0.00
4748 64.0381417 -24.0674722 0.2352 0.2352 0.00 0.00
8369 64.0381417 -24.0674722 0.0000 0.0000 0.00 0.00
8369 64.038142 -24.067472 0.0000 0.0000 0.00 0.00
8369 64.0381417 -24.0674722 0.0000 0.0000 0.00 0.00
8369 64.0381417 -24.0674722 0.2265 0.2265 0.00 0.00
9158 64.0381417 -24.0674722 0.0000 0.0000 0.00 0.00
9158 64.038142 -24.067472 0.0000 0.0000 0.00 0.00
9158 64.0381417 -24.0674722 0.0000 0.0000 0.00 0.00
9158 64.0381417 -24.0674722 0.2244 0.2244 0.00 0.00
4212 64.0381417 -24.0674722 0.0000 0.0000 0.00 0.00
4212 64.038142 -24.067472 0.0000 0.0000 0.00 0.00
4212 64.0381417 -24.0674722 0.0000 0.0000 0.00 0.00
4212 64.0381417 -24.0674722 0.2218 0.2218 0.00 0.00
2464 64.0381417 -24.0674722 0.0000 0.0000 0.00 0.00
2464 64.038142 -24.067472 0.0000 0.0000 0.00 0.00
2464 64.0381417 -24.0674722 0.0000 0.0000 0.00 0.00
2464 64.0381417 -24.0674722 0.2186 0.2186 0.00 0.00
3098 64.0381417 -24.0674722 0.0000 0.0000 0.00 0.00
3098 64.038142 -24.067472 0.0000 0.0000 0.00 0.00
3098 64.0381417 -24.0674722 0.0000 0.0000 0.00 0.00
3098 64.0381417 -24.0674722 0.2185 0.2185 0.00 0.00
9146 64.0381417 -24.0674722 0.0000 0.0000 0.00 0.00
9146 64.038142 -24.067472 0.0000 0.0000 0.00 0.00
9146 64.0381417 -24.0674722 0.0000 0.0000 0.00 0.00
9146 64.0381417 -24.0674722 0.2170 0.2170 0.00 0.00
4431 64.0381417 -24.0674722 0.0000 0.0000 0.00 0.00
4431 64.038142 -24.067472 0.0000 0.0000 0.00 0.00
4431 64.0381417 -24.0674722 0.0000 0.0000 0.00 0.00
4431 64.0381417 -24.0674722 0.2155 0.2155 0.00 0.00
3822 64.0381417 -24.0674722 0.0000 0.0000 0.00 0.00
3822 64.038142 -24.067472 0.0000 0.0000 0.00 0.00
3822 64.0381417 -24.0674722 0.0000 0.0000 0.00 0.00
3822 64.0381417 -24.0674722 0.2139 0.2139 0.00 0.00
2999 64.0381417 -24.0674722 0.0000 0.0000 0.00 0.00
2999 64.038142 -24.067472 0.0000 0.0000 0.00 0.00
2999 64.0381417 -24.0674722 0.0000 0.0000 0.00 0.00
2999 64.0381417 -24.0674722 0.2132 0.2132 0.00 0.00
8208 64.0381417 -24.0674722 0.0000 0.0000 0.00 0.00
8208 64.038142 -24.067472 0.0000 0.0000 0.00 0.00
8208 64.0381417 -24.0674722 0.0000 0.0000 0.00 0.00
8208 64.0381417 -24.0674722 0.2117 0.2117 0.00 0.00
3551 64.0381417 -24.0674722 0.0000 0.0000 0.00 0.00
3551 64.038142 -24.067472 0.0000 0.0000 0.00 0.00
3551 64.0381417 -24.0674722 0.0000 0.0000 0.00 0.00
3551 64.0381417 -24.0674722 0.2108 0.2108 0.00 0.00
8626 64.0381417 -24.0674722 0.0000 0.0000 0.00 0.00
8626 64.038142 -24.067472 0.0000 0.0000 0.00 0.00
8626 64.0381417 -24.0674722 0.0000 0.0000 0.00 0.00
8626 64.0381417 -24.0674722 0.2050 0.2050 0.00 0.00
7955 64.0381417 -24.0674722 0.0000 0.0000 0.00 0.00
7955 64.038142 -24.067472 0.0000 0.0000 0.00 0.00
7955 64.0381417 -24.0674722 0.0000 0.0000 0.00 0.00
7955 64.0381417 -24.0674722 0.2038 0.2038 0.00 0.00
4570 64.0381417 -24.0674722 0.0000 0.0000 0.00 0.00
4570 64.038142 -24.067472 0.0000 0.0000 0.00 0.00
4570 64.0381417 -24.0674722 0.0000 0.0000 0.00 0.00
4570 64.0381417 -24.0674722 0.2035 0.2035 0.00 0.00
2251 64.0381417 -24.0674722 0.0000 0.0000 0.00 0.00
2251 64.038142 -24.067472 0.0000 0.0000 0.00 0.00
2251 64.0381417 -24.0674722 0.0000 0.0000 0.00 0.00
2251 64.0381417 -24.0674722 0.2000 0.2000 0.00 0.00
7835 64.0381417 -24.0674722 0.0000 0.0000 0.00 0.00
7835 64.038142 -24.067472 0.0000 0.0000 0.00 0.00
7835 64.0381417 -24.0674722 0.0000 0.0000 0.00 0.00
7835 64.0381417 -24.0674722 0.1995 0.1995 0.00 0.00
3282 64.0381417 -24.0674722 0.0000 0.0000 0.00 0.00
3282 64.038142 -24.067472 0.0000 0.0000 0.00 0.00
3282 64.0381417 -24.0674722 0.0000 0.0000 0.00 0.00
3282 64.0381417 -24.0674722 0.1992 0.1992 0.00 0.00
9116 64.0381417 -24.0674722 0.0000 0.0000 0.00 0.00
9116 64.038142 -24.067472 0.0000 0.0000 0.00 0.00
9116 64.0381417 -24.0674722 0.0000 0.0000 0.00 0.00
9116 64.0381417 -24.0674722 0.1973 0.1973 0.00 0.00
7962 64.0381417 -24.0674722 0.0000 0.0000 0.00 0.00
7962 64.038142 -24.067472 0.0000 0.0000 0.00 0.00
7962 64.0381417 -24.0674722 0.0000 0.0000 0.00 0.00
7962 64.0381417 -24.0674722 0.1972 0.1972 0.00 0.00
3417 64.0381417 -24.0674722 0.0000 0.0000 0.00 0.00
3417 64.038142 -24.067472 0.0000 0.0000 0.00 0.00
3417 64.0381417 -24.0674722 0.0000 0.0000 0.00 0.00
3417 64.0381417 -24.0674722 0.1952 0.1952 0.00 0.00
2378 64.0381417 -24.0674722 0.0000 0.0000 0.00 0.00
2378 64.038142 -24.067472 0.0000 0.0000 0.00 0.00
2378 64.0381417 -24.0674722 0.0000 0.0000 0.00 0.00
2378 64.0381417 -24.0674722 0.1950 0.1950 0.00 0.00
7527 64.0381417 -24.0674722 0.0000 0.0000 0.00 0.00
7527 64.038142 -24.067472 0.0000 0.0000 0.00 0.00
7527 64.0381417 -24.0674722 0.0000 0.0000 0.00 0.00
7527 64.0381417 -24.0674722 0.1936 0.1936 0.00 0.00
8785 64.0381417 -24.0674722 0.0000 0.0000 0.00 0.00
8785 64.038142 -24.067472 0.0000 0.0000 0.00 0.00
8785 64.0381417 -24.0674722 0.0000 0.0000 0.00 0.00
8785 64.0381417 -24.0674722 0.1934 0.1934 0.00 0.00
8980 64.0381417 -24.0674722 0.0000 0.0000 0.00 0.00
8980 64.038142 -24.067472 0.0000 0.0000 0.00 0.00
8980 64.0381417 -24.0674722 0.0000 0.0000 0.00 0.00
8980 64.0381417 -24.0674722 0.1925 0.1925 0.00 0.00
4051 64.0381417 -24.0674722 0.0000 0.0000 0.00 0.00
4051 64.038142 -24.067472 0.0000 0.0000 0.00 0.00
4051 64.0381417 -24.0674722 0.0000 0.0000 0.00 0.00
4051 64.0381417 -24.0674722 0.1911 0.1911 0.00 0.00
4692 64.0381417 -24.0674722 0.0000 0.0000 0.00 0.00
4692 64.038142 -24.067472 0.0000 0.0000 0.00 0.00
4692 64.0381417 -24.0674722 0.0000 0.0000 0.00 0.00
4692 64.0381417 -24.0674722 0.1910 0.1910 0.00 0.00
3665 64.0381417 -24.0674722 0.0000 0.0000 0.00 0.00
3665 64.038142 -24.067472 0.0000 0.0000 0.00 0.00
3665 64.0381417 -24.0674722 0.0000 0.0000 0.00 0.00
3665 64.0381417 -24.0674722 0.1896 0.1896 0.00 0.00
3193 64.0381417 -24.0674722 0.0000 0.0000 0.00 0.00
3193 64.038142 -24.067472 0.0000 0.0000 0.00 0.00
3193 64.0381417 -24.0674722 0.0000 0.0000 0.00 0.00
3193 64.0381417 -24.0674722 0.1876 0.1876 0.00 0.00
8888 64.0381417 -24.0674722 0.0000 0.0000 0.00 0.00
8888 64.038142 -24.067472 0.0000 0.0000 0.00 0.00
8888 64.0381417 -24.0674722 0.0000 0.0000 0.00 0.00
8888 64.0381417 -24.0674722 0.1874 0.1874 0.00 0.00
7566 64.0381417 -24.0674722 0.0000 0.0000 0.00 0.00
7566 64.038142 -24.067472 0.0000 0.0000 0.00 0.00
7566 64.0381417 -24.0674722 0.0000 0.0000 0.00 0.00
7566 64.0381417 -24.0674722 0.1866 0.1866 0.00 0.00
7208 64.0381417 -24.0674722 0.0000 0.0000 0.00 0.00
7208 64.038142 -24.067472 0.0000 0.0000 0.00 0.00
7208 64.0381417 -24.0674722 0.0000 0.0000 0.00 0.00
7208 64.0381417 -24.0674722 0.1863 0.1863 0.00 0.00
4667 64.0381417 -24.0674722 0.0000 0.0000 0.00 0.00
4667 64.038142 -24.067472 0.0000 0.0000 0.00 0.00
4667 64.0381417 -24.0674722 0.0000 0.0000 0.00 0.00
4667 64.0381417 -24.0674722 0.1847 0.1847 0.00 0.00
8283 64.0381417 -24.0674722 0.0000 0.0000 0.00 0.00
8283 64.038142 -24.067472 0.0000 0.0000 0.00 0.00
8283 64.0381417 -24.0674722 0.0000 0.0000 0.00 0.00
8283 64.0381417 -24.0674722 0.1815 0.1815 0.00 0.00
3488 64.0381417 -24.0674722 0.0000 0.0000 0.00 0.00
3488 64.038142 -24.067472 0.0000 0.0000 0.00 0.00
3488 64.0381417 -24.0674722 0.0000 0.0000 0.00 0.00
3488 64.0381417 -24.0674722 0.1799 0.1799 0.00 0.00
4216 64.0381417 -24.0674722 0.0000 0.0000 0.00 0.00
4216 64.038142 -24.067472 0.0000 0.0000 0.00 0.00
4216 64.0381417 -24.0674722 0.0000 0.0000 0.00 0.00
4216 64.0381417 -24.0674722 0.1794 0.1794 0.00 0.00
4154 64.0381417 -24.0674722 0.0000 0.0000 0.00 0.00
4154 64.038142 -24.067472 0.0000 0.0000 0.00 0.00
4154 64.0381417 -24.0674722 0.0000 0.0000 0.00 0.00
4154 64.0381417 -24.0674722 0.1790 0.1790 0.00 0.00
3367 64.0381417 -24.0674722 0.0000 0.0000 0.00 0.00
3367 64.038142 -24.067472 0.0000 0.0000 0.00 0.00
3367 64.0381417 -24.0674722 0.0000 0.0000 0.00 0.00
3367 64.0381417 -24.0674722 0.1789 0.1789 0.00 0.00
4793 64.0381417 -24.0674722 0.0000 0.0000 0.00 0.00
4793 64.038142 -24.067472 0.0000 0.0000 0.00 0.00
4793 64.0381417 -24.0674722 0.0000 0.0000 0.00 0.00
4793 64.0381417 -24.0674722 0.1786 0.1786 0.00 0.00
7767 64.0381417 -24.0674722 0.0000 0.0000 0.00 0.00
7767 64.038142 -24.067472 0.0000 0.0000 0.00 0.00
7767 64.0381417 -24.0674722 0.0000 0.0000 0.00 0.00
7767 64.0381417 -24.0674722 0.1767 0.1767 0.00 0.00
3446 64.0381417 -24.0674722 0.0000 0.0000 0.00 0.00
3446 64.038142 -24.067472 0.0000 0.0000 0.00 0.00
3446 64.0381417 -24.0674722 0.0000 0.0000 0.00 0.00
3446 64.0381417 -24.0674722 0.1765 0.1765 0.00 0.00
4505 64.0381417 -24.0674722 0.0000 0.0000 0.00 0.00
4505 64.038142 -24.067472 0.0000 0.0000 0.00 0.00
4505 64.0381417 -24.0674722 0.0000 0.0000 0.00 0.00
4505 64.0381417 -24.0674722 0.1763 0.1763 0.00 0.00
8439 64.0381417 -24.0674722 0.0000 0.0000 0.00 0.00
8439 64.038142 -24.067472 0.0000 0.0000 0.00 0.00
8439 64.0381417 -24.0674722 0.0000 0.0000 0.00 0.00
8439 64.0381417 -24.0674722 0.1721 0.1721 0.00 0.00
8767 64.0381417 -24.0674722 0.0000 0.0000 0.00 0.00
8767 64.038142 -24.067472 0.0000 0.0000 0.00 0.00
8767 64.0381417 -24.0674722 0.0000 0.0000 0.00 0.00
8767 64.0381417 -24.0674722 0.1701 0.1701 0.00 0.00
9170 64.0381417 -24.0674722 0.0000 0.0000 0.00 0.00
9170 64.038142 -24.067472 0.0000 0.0000 0.00 0.00
9170 64.0381417 -24.0674722 0.0000 0.0000 0.00 0.00
9170 64.0381417 -24.0674722 0.1688 0.1688 0.00 0.00
3108 64.0381417 -24.0674722 0.0000 0.0000 0.00 0.00
3108 64.038142 -24.067472 0.0000 0.0000 0.00 0.00
3108 64.0381417 -24.0674722 0.0000 0.0000 0.00 0.00
3108 64.0381417 -24.0674722 0.1675 0.1675 0.00 0.00
1585 64.0381417 -24.0674722 0.0000 0.0000 0.00 0.00
1585 64.038142 -24.067472 0.0000 0.0000 0.00 0.00
1585 64.0381417 -24.0674722 0.0000 0.0000 0.00 0.00
1585 64.0381417 -24.0674722 0.1657 0.1657 0.00 0.00
8779 64.0381417 -24.0674722 0.0000 0.0000 0.00 0.00
8779 64.038142 -24.067472 0.0000 0.0000 0.00 0.00
8779 64.0381417 -24.0674722 0.0000 0.0000 0.00 0.00
8779 64.0381417 -24.0674722 0.1607 0.1607 0.00 0.00
4358 64.0381417 -24.0674722 0.0000 0.0000 0.00 0.00
4358 64.038142 -24.067472 0.0000 0.0000 0.00 0.00
4358 64.0381417 -24.0674722 0.0000 0.0000 0.00 0.00
4358 64.0381417 -24.0674722 0.1578 0.1578 0.00 0.00
4010 64.0381417 -24.0674722 0.0000 0.0000 0.00 0.00
4010 64.038142 -24.067472 0.0000 0.0000 0.00 0.00
4010 64.0381417 -24.0674722 0.0000 0.0000 0.00 0.00
4010 64.0381417 -24.0674722 0.1553 0.1553 0.00 0.00
4712 64.0381417 -24.0674722 0.0000 0.0000 0.00 0.00
4712 64.038142 -24.067472 0.0000 0.0000 0.00 0.00
4712 64.0381417 -24.0674722 0.0000 0.0000 0.00 0.00
4712 64.0381417 -24.0674722 0.1548 0.1548 0.00 0.00
2523 64.0381417 -24.0674722 0.0000 0.0000 0.00 0.00
2523 64.038142 -24.067472 0.0000 0.0000 0.00 0.00
2523 64.0381417 -24.0674722 0.0000 0.0000 0.00 0.00
2523 64.0381417 -24.0674722 0.1543 0.1543 0.00 0.00
2972 64.0381417 -24.0674722 0.0000 0.0000 0.00 0.00
2972 64.038142 -24.067472 0.0000 0.0000 0.00 0.00
2972 64.0381417 -24.0674722 0.0000 0.0000 0.00 0.00
2972 64.0381417 -24.0674722 0.1520 0.1520 0.00 0.00
9088 64.0381417 -24.0674722 0.0000 0.0000 0.00 0.00
9088 64.038142 -24.067472 0.0000 0.0000 0.00 0.00
9088 64.0381417 -24.0674722 0.0000 0.0000 0.00 0.00
9088 64.0381417 -24.0674722 0.1509 0.1509 0.00 0.00
4553 64.0381417 -24.0674722 0.0000 0.0000 0.00 0.00
4553 64.038142 -24.067472 0.0000 0.0000 0.00 0.00
4553 64.0381417 -24.0674722 0.0000 0.0000 0.00 0.00
4553 64.0381417 -24.0674722 0.1497 0.1497 0.00 0.00
5347 64.0381417 -24.0674722 0.0000 0.0000 0.00 0.00
5347 64.038142 -24.067472 0.0000 0.0000 0.00 0.00
5347 64.0381417 -24.0674722 0.0000 0.0000 0.00 0.00
5347 64.0381417 -24.0674722 0.1494 0.1494 0.00 0.00
4257 64.0381417 -24.0674722 0.0000 0.0000 0.00 0.00
4257 64.038142 -24.067472 0.0000 0.0000 0.00 0.00
4257 64.0381417 -24.0674722 0.0000 0.0000 0.00 0.00
4257 64.0381417 -24.0674722 0.1482 0.1482 0.00 0.00
7996 64.0381417 -24.0674722 0.0000 0.0000 0.00 0.00
7996 64.038142 -24.067472 0.0000 0.0000 0.00 0.00
7996 64.0381417 -24.0674722 0.0000 0.0000 0.00 0.00
7996 64.0381417 -24.0674722 0.1474 0.1474 0.00 0.00
4399 64.0381417 -24.0674722 0.0000 0.0000 0.00 0.00
4399 64.038142 -24.067472 0.0000 0.0000 0.00 0.00
4399 64.0381417 -24.0674722 0.0000 0.0000 0.00 0.00
4399 64.0381417 -24.0674722 0.1468 0.1468 0.00 0.00
8075 64.0381417 -24.0674722 0.0000 0.0000 0.00 0.00
8075 64.038142 -24.067472 0.0000 0.0000 0.00 0.00
8075 64.0381417 -24.0674722 0.0000 0.0000 0.00 0.00
8075 64.0381417 -24.0674722 0.1463 0.1463 0.00 0.00
2614 64.0381417 -24.0674722 0.0000 0.0000 0.00 0.00
2614 64.038142 -24.067472 0.0000 0.0000 0.00 0.00
2614 64.0381417 -24.0674722 0.0000 0.0000 0.00 0.00
2614 64.0381417 -24.0674722 0.1455 0.1455 0.00 0.00
4094 64.0381417 -24.0674722 0.0000 0.0000 0.00 0.00
4094 64.038142 -24.067472 0.0000 0.0000 0.00 0.00
4094 64.0381417 -24.0674722 0.0000 0.0000 0.00 0.00
4094 64.0381417 -24.0674722 0.1446 0.1446 0.00 0.00
9162 64.0381417 -24.0674722 0.0000 0.0000 0.00 0.00
9162 64.038142 -24.067472 0.0000 0.0000 0.00 0.00
9162 64.0381417 -24.0674722 0.0000 0.0000 0.00 0.00
9162 64.0381417 -24.0674722 0.1438 0.1438 0.00 0.00
7989 64.0381417 -24.0674722 0.0000 0.0000 0.00 0.00
7989 64.038142 -24.067472 0.0000 0.0000 0.00 0.00
7989 64.0381417 -24.0674722 0.0000 0.0000 0.00 0.00
7989 64.0381417 -24.0674722 0.1432 0.1432 0.00 0.00
7275 64.0381417 -24.0674722 0.0000 0.0000 0.00 0.00
7275 64.038142 -24.067472 0.0000 0.0000 0.00 0.00
7275 64.0381417 -24.0674722 0.0000 0.0000 0.00 0.00
7275 64.0381417 -24.0674722 0.1419 0.1419 0.00 0.00
4724 64.0381417 -24.0674722 0.0000 0.0000 0.00 0.00
4724 64.038142 -24.067472 0.0000 0.0000 0.00 0.00
4724 64.0381417 -24.0674722 0.0000 0.0000 0.00 0.00
4724 64.0381417 -24.0674722 0.1414 0.1414 0.00 0.00
4637 64.0381417 -24.0674722 0.0000 0.0000 0.00 0.00
4637 64.038142 -24.067472 0.0000 0.0000 0.00 0.00
4637 64.0381417 -24.0674722 0.0000 0.0000 0.00 0.00
4637 64.0381417 -24.0674722 0.1405 0.1405 0.00 0.00
7932 64.0381417 -24.0674722 0.0000 0.0000 0.00 0.00
7932 64.038142 -24.067472 0.0000 0.0000 0.00 0.00
7932 64.0381417 -24.0674722 0.0000 0.0000 0.00 0.00
7932 64.0381417 -24.0674722 0.1399 0.1399 0.00 0.00
7724 64.0381417 -24.0674722 0.0000 0.0000 0.00 0.00
7724 64.038142 -24.067472 0.0000 0.0000 0.00 0.00
7724 64.0381417 -24.0674722 0.0000 0.0000 0.00 0.00
7724 64.0381417 -24.0674722 0.1385 0.1385 0.00 0.00
2322 64.0381417 -24.0674722 0.0000 0.0000 0.00 0.00
2322 64.038142 -24.067472 0.0000 0.0000 0.00 0.00
2322 64.0381417 -24.0674722 0.0000 0.0000 0.00 0.00
2322 64.0381417 -24.0674722 0.1384 0.1384 0.00 0.00
8442 64.0381417 -24.0674722 0.0000 0.0000 0.00 0.00
8442 64.038142 -24.067472 0.0000 0.0000 0.00 0.00
8442 64.0381417 -24.0674722 0.0000 0.0000 0.00 0.00
8442 64.0381417 -24.0674722 0.1377 0.1377 0.00 0.00
4188 64.0381417 -24.0674722 0.0000 0.0000 0.00 0.00
4188 64.038142 -24.067472 0.0000 0.0000 0.00 0.00
4188 64.0381417 -24.0674722 0.0000 0.0000 0.00 0.00
4188 64.0381417 -24.0674722 0.1373 0.1373 0.00 0.00
8873 64.0381417 -24.0674722 0.0000 0.0000 0.00 0.00
8873 64.038142 -24.067472 0.0000 0.0000 0.00 0.00
8873 64.0381417 -24.0674722 0.0000 0.0000 0.00 0.00
8873 64.0381417 -24.0674722 0.1364 0.1364 0.00 0.00
4267 64.0381417 -24.0674722 0.0000 0.0000 0.00 0.00
4267 64.038142 -24.067472 0.0000 0.0000 0.00 0.00
4267 64.0381417 -24.0674722 0.0000 0.0000 0.00 0.00
4267 64.0381417 -24.0674722 0.1364 0.1364 0.00 0.00
1759 64.0381417 -24.0674722 0.0000 0.0000 0.00 0.00
1759 64.038142 -24.067472 0.0000 0.0000 0.00 0.00
1759 64.0381417 -24.0674722 0.0000 0.0000 0.00 0.00
1759 64.0381417 -24.0674722 0.1351 0.1351 0.00 0.00
3881 64.0381417 -24.0674722 0.0000 0.0000 0.00 0.00
3881 64.038142 -24.067472 0.0000 0.0000 0.00 0.00
3881 64.0381417 -24.0674722 0.0000 0.0000 0.00 0.00
3881 64.0381417 -24.0674722 0.1344 0.1344 0.00 0.00
4559 64.0381417 -24.0674722 0.0000 0.0000 0.00 0.00
4559 64.038142 -24.067472 0.0000 0.0000 0.00 0.00
4559 64.0381417 -24.0674722 0.0000 0.0000 0.00 0.00
4559 64.0381417 -24.0674722 0.1336 0.1336 0.00 0.00
8524 64.0381417 -24.0674722 0.0000 0.0000 0.00 0.00
8524 64.038142 -24.067472 0.0000 0.0000 0.00 0.00
8524 64.0381417 -24.0674722 0.0000 0.0000 0.00 0.00
8524 64.0381417 -24.0674722 0.1334 0.1334 0.00 0.00
8745 64.0381417 -24.0674722 0.0000 0.0000 0.00 0.00
8745 64.038142 -24.067472 0.0000 0.0000 0.00 0.00
8745 64.0381417 -24.0674722 0.0000 0.0000 0.00 0.00
8745 64.0381417 -24.0674722 0.1332 0.1332 0.00 0.00
8756 64.0381417 -24.0674722 0.0000 0.0000 0.00 0.00
8756 64.038142 -24.067472 0.0000 0.0000 0.00 0.00
8756 64.0381417 -24.0674722 0.0000 0.0000 0.00 0.00
8756 64.0381417 -24.0674722 0.1323 0.1323 0.00 0.00
4782 64.0381417 -24.0674722 0.0000 0.0000 0.00 0.00
4782 64.038142 -24.067472 0.0000 0.0000 0.00 0.00
4782 64.0381417 -24.0674722 0.0000 0.0000 0.00 0.00
4782 64.0381417 -24.0674722 0.1315 0.1315 0.00 0.00
4366 64.0381417 -24.0674722 0.0000 0.0000 0.00 0.00
4366 64.038142 -24.067472 0.0000 0.0000 0.00 0.00
4366 64.0381417 -24.0674722 0.0000 0.0000 0.00 0.00
4366 64.0381417 -24.0674722 0.1311 0.1311 0.00 0.00
9038 64.0381417 -24.0674722 0.0000 0.0000 0.00 0.00
9038 64.038142 -24.067472 0.0000 0.0000 0.00 0.00
9038 64.0381417 -24.0674722 0.0000 0.0000 0.00 0.00
9038 64.0381417 -24.0674722 0.1310 0.1310 0.00 0.00
8421 64.0381417 -24.0674722 0.0000 0.0000 0.00 0.00
8421 64.038142 -24.067472 0.0000 0.0000 0.00 0.00
8421 64.0381417 -24.0674722 0.0000 0.0000 0.00 0.00
8421 64.0381417 -24.0674722 0.1299 0.1299 0.00 0.00
7336 64.0381417 -24.0674722 0.0000 0.0000 0.00 0.00
7336 64.038142 -24.067472 0.0000 0.0000 0.00 0.00
7336 64.0381417 -24.0674722 0.0000 0.0000 0.00 0.00
7336 64.0381417 -24.0674722 0.1290 0.1290 0.00 0.00
2317 64.0381417 -24.0674722 0.0000 0.0000 0.00 0.00
2317 64.038142 -24.067472 0.0000 0.0000 0.00 0.00
2317 64.0381417 -24.0674722 0.0000 0.0000 0.00 0.00
2317 64.0381417 -24.0674722 0.1284 0.1284 0.00 0.00
4290 64.0381417 -24.0674722 0.0000 0.0000 0.00 0.00
4290 64.038142 -24.067472 0.0000 0.0000 0.00 0.00
4290 64.0381417 -24.0674722 0.0000 0.0000 0.00 0.00
4290 64.0381417 -24.0674722 0.1281 0.1281 0.00 0.00
8693 64.0381417 -24.0674722 0.0000 0.0000 0.00 0.00
8693 64.038142 -24.067472 0.0000 0.0000 0.00 0.00
8693 64.0381417 -24.0674722 0.0000 0.0000 0.00 0.00
8693 64.0381417 -24.0674722 0.1274 0.1274 0.00 0.00
3828 64.0381417 -24.0674722 0.0000 0.0000 0.00 0.00
3828 64.038142 -24.067472 0.0000 0.0000 0.00 0.00
3828 64.0381417 -24.0674722 0.0000 0.0000 0.00 0.00
3828 64.0381417 -24.0674722 0.1274 0.1274 0.00 0.00
8441 64.0381417 -24.0674722 0.0000 0.0000 0.00 0.00
8441 64.038142 -24.067472 0.0000 0.0000 0.00 0.00
8441 64.0381417 -24.0674722 0.0000 0.0000 0.00 0.00
8441 64.0381417 -24.0674722 0.1272 0.1272 0.00 0.00
2699 64.0381417 -24.0674722 0.0000 0.0000 0.00 0.00
2699 64.038142 -24.067472 0.0000 0.0000 0.00 0.00
2699 64.0381417 -24.0674722 0.0000 0.0000 0.00 0.00
2699 64.0381417 -24.0674722 0.1272 0.1272 0.00 0.00
3372 64.0381417 -24.0674722 0.0000 0.0000 0.00 0.00
3372 64.038142 -24.067472 0.0000 0.0000 0.00 0.00
3372 64.0381417 -24.0674722 0.0000 0.0000 0.00 0.00
3372 64.0381417 -24.0674722 0.1263 0.1263 0.00 0.00
3752 64.0381417 -24.0674722 0.0000 0.0000 0.00 0.00
3752 64.038142 -24.067472 0.0000 0.0000 0.00 0.00
3752 64.0381417 -24.0674722 0.0000 0.0000 0.00 0.00
3752 64.0381417 -24.0674722 0.1259 0.1259 0.00 0.00
9151 64.0381417 -24.0674722 0.0000 0.0000 0.00 0.00
9151 64.038142 -24.067472 0.0000 0.0000 0.00 0.00
9151 64.0381417 -24.0674722 0.0000 0.0000 0.00 0.00
9151 64.0381417 -24.0674722 0.1251 0.1251 0.00 0.00
3803 64.0381417 -24.0674722 0.0000 0.0000 0.00 0.00
3803 64.038142 -24.067472 0.0000 0.0000 0.00 0.00
3803 64.0381417 -24.0674722 0.0000 0.0000 0.00 0.00
3803 64.0381417 -24.0674722 0.1246 0.1246 0.00 0.00
2244 64.0381417 -24.0674722 0.0000 0.0000 0.00 0.00
2244 64.038142 -24.067472 0.0000 0.0000 0.00 0.00
2244 64.0381417 -24.0674722 0.0000 0.0000 0.00 0.00
2244 64.0381417 -24.0674722 0.1240 0.1240 0.00 0.00
4282 64.0381417 -24.0674722 0.0000 0.0000 0.00 0.00
4282 64.038142 -24.067472 0.0000 0.0000 0.00 0.00
4282 64.0381417 -24.0674722 0.0000 0.0000 0.00 0.00
4282 64.0381417 -24.0674722 0.1240 0.1240 0.00 0.00
2181 64.0381417 -24.0674722 0.0000 0.0000 0.00 0.00
2181 64.038142 -24.067472 0.0000 0.0000 0.00 0.00
2181 64.0381417 -24.0674722 0.0000 0.0000 0.00 0.00
2181 64.0381417 -24.0674722 0.1236 0.1236 0.00 0.00
8220 64.0381417 -24.0674722 0.0000 0.0000 0.00 0.00
8220 64.038142 -24.067472 0.0000 0.0000 0.00 0.00
8220 64.0381417 -24.0674722 0.0000 0.0000 0.00 0.00
8220 64.0381417 -24.0674722 0.1229 0.1229 0.00 0.00
8883 64.0381417 -24.0674722 0.0000 0.0000 0.00 0.00
8883 64.038142 -24.067472 0.0000 0.0000 0.00 0.00
8883 64.0381417 -24.0674722 0.0000 0.0000 0.00 0.00
8883 64.0381417 -24.0674722 0.1216 0.1216 0.00 0.00
8547 64.0381417 -24.0674722 0.0000 0.0000 0.00 0.00
8547 64.038142 -24.067472 0.0000 0.0000 0.00 0.00
8547 64.0381417 -24.0674722 0.0000 0.0000 0.00 0.00
8547 64.0381417 -24.0674722 0.1213 0.1213 0.00 0.00
3029 64.0381417 -24.0674722 0.0000 0.0000 0.00 0.00
3029 64.038142 -24.067472 0.0000 0.0000 0.00 0.00
3029 64.0381417 -24.0674722 0.0000 0.0000 0.00 0.00
3029 64.0381417 -24.0674722 0.1206 0.1206 0.00 0.00
4299 64.0381417 -24.0674722 0.0000 0.0000 0.00 0.00
4299 64.038142 -24.067472 0.0000 0.0000 0.00 0.00
4299 64.0381417 -24.0674722 0.0000 0.0000 0.00 0.00
4299 64.0381417 -24.0674722 0.1196 0.1196 0.00 0.00
7133 64.0381417 -24.0674722 0.0000 0.0000 0.00 0.00
7133 64.038142 -24.067472 0.0000 0.0000 0.00 0.00
7133 64.0381417 -24.0674722 0.0000 0.0000 0.00 0.00
7133 64.0381417 -24.0674722 0.1188 0.1188 0.00 0.00
4124 64.0381417 -24.0674722 0.0000 0.0000 0.00 0.00
4124 64.038142 -24.067472 0.0000 0.0000 0.00 0.00
4124 64.0381417 -24.0674722 0.0000 0.0000 0.00 0.00
4124 64.0381417 -24.0674722 0.1164 0.1164 0.00 0.00
3130 64.0381417 -24.0674722 0.0000 0.0000 0.00 0.00
3130 64.038142 -24.067472 0.0000 0.0000 0.00 0.00
3130 64.0381417 -24.0674722 0.0000 0.0000 0.00 0.00
3130 64.0381417 -24.0674722 0.1159 0.1159 0.00 0.00
2730 64.0381417 -24.0674722 0.0000 0.0000 0.00 0.00
2730 64.038142 -24.067472 0.0000 0.0000 0.00 0.00
2730 64.0381417 -24.0674722 0.0000 0.0000 0.00 0.00
2730 64.0381417 -24.0674722 0.1157 0.1157 0.00 0.00
7550 64.0381417 -24.0674722 0.0000 0.0000 0.00 0.00
7550 64.038142 -24.067472 0.0000 0.0000 0.00 0.00
7550 64.0381417 -24.0674722 0.0000 0.0000 0.00 0.00
7550 64.0381417 -24.0674722 0.1135 0.1135 0.00 0.00
4004 64.0381417 -24.0674722 0.0000 0.0000 0.00 0.00
4004 64.038142 -24.067472 0.0000 0.0000 0.00 0.00
4004 64.0381417 -24.0674722 0.0000 0.0000 0.00 0.00
4004 64.0381417 -24.0674722 0.1134 0.1134 0.00 0.00
4416 64.0381417 -24.0674722 0.0000 0.0000 0.00 0.00
4416 64.038142 -24.067472 0.0000 0.0000 0.00 0.00
4416 64.0381417 -24.0674722 0.0000 0.0000 0.00 0.00
4416 64.0381417 -24.0674722 0.1115 0.1115 0.00 0.00
8879 64.0381417 -24.0674722 0.0000 0.0000 0.00 0.00
8879 64.038142 -24.067472 0.0000 0.0000 0.00 0.00
8879 64.0381417 -24.0674722 0.0000 0.0000 0.00 0.00
8879 64.0381417 -24.0674722 0.1108 0.1108 0.00 0.00
3911 64.0381417 -24.0674722 0.0000 0.0000 0.00 0.00
3911 64.038142 -24.067472 0.0000 0.0000 0.00 0.00
3911 64.0381417 -24.0674722 0.0000 0.0000 0.00 0.00
3911 64.0381417 -24.0674722 0.1106 0.1106 0.00 0.00
9299 64.0381417 -24.0674722 0.0000 0.0000 0.00 0.00
9299 64.038142 -24.067472 0.0000 0.0000 0.00 0.00
9299 64.0381417 -24.0674722 0.0000 0.0000 0.00 0.00
9299 64.0381417 -24.0674722 0.1105 0.1105 0.00 0.00
99994 64.0381417 -24.0674722 0.0000 0.0000 0.00 0.00
99994 64.038142 -24.067472 0.0000 0.0000 0.00 0.00
99994 64.0381417 -24.0674722 0.0000 0.0000 0.00 0.00
99994 64.0381417 -24.0674722 0.1095 0.1095 0.00 0.00
4427 64.0381417 -24.0674722 0.0000 0.0000 0.00 0.00
4427 64.038142 -24.067472 0.0000 0.0000 0.00 0.00
4427 64.0381417 -24.0674722 0.0000 0.0000 0.00 0.00
4427 64.0381417 -24.0674722 0.1093 0.1093 0.00 0.00
7567 64.0381417 -24.0674722 0.0000 0.0000 0.00 0.00
7567 64.038142 -24.067472 0.0000 0.0000 0.00 0.00
7567 64.0381417 -24.0674722 0.0000 0.0000 0.00 0.00
7567 64.0381417 -24.0674722 0.1079 0.1079 0.00 0.00
2491 64.0381417 -24.0674722 0.0000 0.0000 0.00 0.00
2491 64.038142 -24.067472 0.0000 0.0000 0.00 0.00
2491 64.0381417 -24.0674722 0.0000 0.0000 0.00 0.00
2491 64.0381417 -24.0674722 0.1075 0.1075 0.00 0.00
9148 64.0381417 -24.0674722 0.0000 0.0000 0.00 0.00
9148 64.038142 -24.067472 0.0000 0.0000 0.00 0.00
9148 64.0381417 -24.0674722 0.0000 0.0000 0.00 0.00
9148 64.0381417 -24.0674722 0.1074 0.1074 0.00 0.00
8908 64.0381417 -24.0674722 0.0000 0.0000 0.00 0.00
8908 64.038142 -24.067472 0.0000 0.0000 0.00 0.00
8908 64.0381417 -24.0674722 0.0000 0.0000 0.00 0.00
8908 64.0381417 -24.0674722 0.1058 0.1058 0.00 0.00
6933 64.0381417 -24.0674722 0.0000 0.0000 0.00 0.00
6933 64.038142 -24.067472 0.0000 0.0000 0.00 0.00
6933 64.0381417 -24.0674722 0.0000 0.0000 0.00 0.00
6933 64.0381417 -24.0674722 0.1054 0.1054 0.00 0.00
3819 64.0381417 -24.0674722 0.0000 0.0000 0.00 0.00
3819 64.038142 -24.067472 0.0000 0.0000 0.00 0.00
3819 64.0381417 -24.0674722 0.0000 0.0000 0.00 0.00
3819 64.0381417 -24.0674722 0.1036 0.1036 0.00 0.00
3965 64.0381417 -24.0674722 0.0000 0.0000 0.00 0.00
3965 64.038142 -24.067472 0.0000 0.0000 0.00 0.00
3965 64.0381417 -24.0674722 0.0000 0.0000 0.00 0.00
3965 64.0381417 -24.0674722 0.1026 0.1026 0.00 0.00
2185 64.0381417 -24.0674722 0.0000 0.0000 0.00 0.00
2185 64.038142 -24.067472 0.0000 0.0000 0.00 0.00
2185 64.0381417 -24.0674722 0.0000 0.0000 0.00 0.00
2185 64.0381417 -24.0674722 0.1026 0.1026 0.00 0.00
3704 64.0381417 -24.0674722 0.0000 0.0000 0.00 0.00
3704 64.038142 -24.067472 0.0000 0.0000 0.00 0.00
3704 64.0381417 -24.0674722 0.0000 0.0000 0.00 0.00
3704 64.0381417 -24.0674722 0.1022 0.1022 0.00 0.00
9374 64.0381417 -24.0674722 0.0000 0.0000 0.00 0.00
9374 64.038142 -24.067472 0.0000 0.0000 0.00 0.00
9374 64.0381417 -24.0674722 0.0000 0.0000 0.00 0.00
9374 64.0381417 -24.0674722 0.1019 0.1019 0.00 0.00
8754 64.0381417 -24.0674722 0.0000 0.0000 0.00 0.00
8754 64.038142 -24.067472 0.0000 0.0000 0.00 0.00
8754 64.0381417 -24.0674722 0.0000 0.0000 0.00 0.00
8754 64.0381417 -24.0674722 0.1009 0.1009 0.00 0.00
3438 64.0381417 -24.0674722 0.0000 0.0000 0.00 0.00
3438 64.038142 -24.067472 0.0000 0.0000 0.00 0.00
3438 64.0381417 -24.0674722 0.0000 0.0000 0.00 0.00
3438 64.0381417 -24.0674722 0.1005 0.1005 0.00 0.00
3720 64.0381417 -24.0674722 0.0000 0.0000 0.00 0.00
3720 64.038142 -24.067472 0.0000 0.0000 0.00 0.00
3720 64.0381417 -24.0674722 0.0000 0.0000 0.00 0.00
3720 64.0381417 -24.0674722 0.0998 0.0998 0.00 0.00
2537 64.0381417 -24.0674722 0.0000 0.0000 0.00 0.00
2537 64.038142 -24.067472 0.0000 0.0000 0.00 0.00
2537 64.0381417 -24.0674722 0.0000 0.0000 0.00 0.00
2537 64.0381417 -24.0674722 0.0997 0.0997 0.00 0.00
7794 64.0381417 -24.0674722 0.0000 0.0000 0.00 0.00
7794 64.038142 -24.067472 0.0000 0.0000 0.00 0.00
7794 64.0381417 -24.0674722 0.0000 0.0000 0.00 0.00
7794 64.0381417 -24.0674722 0.0995 0.0995 0.00 0.00
8891 64.0381417 -24.0674722 0.0000 0.0000 0.00 0.00
8891 64.038142 -24.067472 0.0000 0.0000 0.00 0.00
8891 64.0381417 -24.0674722 0.0000 0.0000 0.00 0.00
8891 64.0381417 -24.0674722 0.0979 0.0979 0.00 0.00
4336 64.0381417 -24.0674722 0.0000 0.0000 0.00 0.00
4336 64.038142 -24.067472 0.0000 0.0000 0.00 0.00
4336 64.0381417 -24.0674722 0.0000 0.0000 0.00 0.00
4336 64.0381417 -24.0674722 0.0978 0.0978 0.00 0.00
7867 64.0381417 -24.0674722 0.0000 0.0000 0.00 0.00
7867 64.038142 -24.067472 0.0000 0.0000 0.00 0.00
7867 64.0381417 -24.0674722 0.0000 0.0000 0.00 0.00
7867 64.0381417 -24.0674722 0.0908 0.0908 0.00 0.00
8830 64.0381417 -24.0674722 0.0000 0.0000 0.00 0.00
8830 64.038142 -24.067472 0.0000 0.0000 0.00 0.00
8830 64.0381417 -24.0674722 0.0000 0.0000 0.00 0.00
8830 64.0381417 -24.0674722 0.0816 0.0816 0.00 0.00
9308 64.0381417 -24.0674722 0.0000 0.0000 0.00 0.00
9308 64.038142 -24.067472 0.0000 0.0000 0.00 0.00
9308 64.0381417 -24.0674722 0.0000 0.0000 0.00 0.00
9308 64.0381417 -24.0674722 0.0789 0.0789 0.00 0.00
99990 64.0381417 -24.0674722 0.0000 0.0000 0.00 0.00
99990 64.038142 -24.067472 0.0000 0.0000 0.00 0.00
99990 64.0381417 -24.0674722 0.0000 0.0000 0.00 0.00
99990 64.0381417 -24.0674722 0.0356 0.0356 0.00 0.00
